4 0.609167 0.675074 0.078333 0.169139
4 0.913333 0.722552 0.123333 0.234421
4 0.787500 0.427300 0.095000 0.154303
4 0.694167 0.348665 0.058333 0.115727
4 0.712500 0.232938 0.058333 0.086053
4 0.170833 0.203264 0.045000 0.074184
4 0.144167 0.323442 0.055000 0.089021
4 0.035000 0.364985 0.066667 0.089021
1 0.065833 0.500000 0.031667 0.080119
1 0.123333 0.522255 0.026667 0.083086
1 0.231667 0.559347 0.033333 0.103858
1 0.865833 0.338279 0.021667 0.077151
1 0.360833 0.336795 0.025000 0.080119
1 0.300000 0.557864 0.020000 0.089021
4 0.605833 0.078635 0.028333 0.056380
4 0.640833 0.077151 0.028333 0.047478
4 0.870833 0.016320 0.061667 0.026706
4 0.928333 0.016320 0.050000 0.026706
4 0.281667 0.017804 0.036667 0.029674
4 0.030833 0.047478 0.045000 0.047478
4 0.112500 0.132047 0.068333 0.068249
1 0.190833 0.096439 0.015000 0.056380
1 0.451667 0.031157 0.023333 0.038576
1 0.687500 0.050445 0.015000 0.041543
4 0.735000 0.034125 0.050000 0.056380
4 0.689167 0.034125 0.038333 0.050445
4 0.590833 0.025223 0.028333 0.032641
4 0.618333 0.031157 0.020000 0.038576
15 0.503333 0.090504 0.140000 0.050445
15 0.242500 0.112760 0.105000 0.035608
15 0.137500 0.750742 0.035000 0.094955
16 0.945833 0.268546 0.055000 0.281899
16 0.846667 0.176558 0.050000 0.204748
16 0.897500 0.135015 0.061667 0.186944
17 0.155000 0.606825 0.050000 0.068249
