43 0.25 0.6023316062176166 0.246875 0.32124352331606215
43 0.4734375 0.6010362694300518 0.315625 0.31865284974093266
48 0.4796875 0.4844559585492228 0.16875 0.3911917098445596
48 0.290625 0.44559585492227977 0.159375 0.2823834196891192
48 0.3265625 0.38341968911917096 0.0859375 0.23316062176165803
48 0.13125 0.5310880829015544 0.05625 0.4015544041450777
48 0.08046875 0.533678756476684 0.0765625 0.4015544041450777
48 0.80234375 0.5466321243523317 0.071875 0.34974093264248707
48 0.50078125 0.4261658031088083 0.0359375 0.15025906735751296
48 0.690625 0.4883419689119171 0.084375 0.5440414507772021
48 0.90390625 0.5453367875647669 0.0625 0.33678756476683935
48 0.64375 0.572538860103627 0.0453125 0.3160621761658031
48 0.159375 0.42875647668393785 0.0171875 0.06217616580310881
76 0.89921875 0.3536269430051813 0.159375 0.07772020725388601
35 0.86328125 0.5738341968911918 0.028125 0.054404145077720206
50 0.13828125 0.25 0.0515625 0.06476683937823834
50 0.1890625 0.18134715025906736 0.0703125 0.054404145077720206
50 0.2046875 0.25259067357512954 0.040625 0.06476683937823834
50 0.271875 0.19170984455958548 0.08125 0.08290155440414508
50 0.48671875 0.2033678756476684 0.0796875 0.07772020725388601
48 0.18984375 0.44430051813471505 0.0703125 0.20725388601036268
50 0.76640625 0.2655440414507772 0.0609375 0.054404145077720206
50 0.8296875 0.26424870466321243 0.078125 0.04922279792746114
50 0.56875 0.20595854922279794 0.0828125 0.08808290155440414
50 0.56484375 0.08808290155440414 0.0578125 0.04922279792746114
50 0.87265625 0.18911917098445596 0.0875 0.16062176165803108
48 0.98359375 0.5323834196891192 0.0328125 0.36787564766839376