26 0.49754901960784315 0.5727124183006536 0.9297385620915033 0.7892156862745098
48 0.3341503267973856 0.17320261437908496 0.5866013071895425 0.3022875816993464
14 0.4354575163398693 0.3235294117647059 0.2238562091503268 0.09477124183006536
17 0.4738562091503268 0.5277777777777778 0.7467320261437909 0.5882352941176471
14 0.9076797385620915 0.2034313725490196 0.11437908496732026 0.05718954248366013
48 0.8676470588235294 0.12254901960784313 0.184640522875817 0.1830065359477124
25 0.744281045751634 0.27532679738562094 0.15359477124183007 0.20098039215686275
22 0.6168300653594772 0.12745098039215685 0.21568627450980393 0.18627450980392157
73 0.4738562091503268 0.5383986928104575 0.7532679738562091 0.6160130718954249
28 0.4199346405228758 0.7009803921568627 0.1715686274509804 0.19444444444444445
28 0.5473856209150327 0.6486928104575164 0.1111111111111111 0.16013071895424835
28 0.6584967320261438 0.6004901960784313 0.11601307189542484 0.1437908496732026
28 0.7671568627450981 0.5449346405228758 0.08986928104575163 0.08333333333333333