18 0.918 0.13214285714285715 0.138 0.16428571428571428
30 0.306 0.513095238095238 0.514 0.9452380952380952
30 0.721 0.5297619047619048 0.188 0.26666666666666666
30 0.806 0.1761904761904762 0.31 0.3119047619047619
30 0.731 0.85 0.15 0.2714285714285714
48 0.933 0.4988095238095238 0.112 0.319047619047619
48 0.958 0.8154761904761905 0.048 0.28809523809523807
48 0.612 0.7619047619047619 0.048 0.18571428571428572
48 0.656 0.7785714285714286 0.042 0.12857142857142856
48 0.156 0.34404761904761905 0.082 0.3595238095238095
48 0.685 0.7511904761904762 0.024 0.0761904761904762
48 0.653 0.5988095238095238 0.04 0.11666666666666667
48 0.809 0.7797619047619048 0.036 0.14761904761904762
72 0.927 0.04523809523809524 0.008 0.02619047619047619
48 0.93 0.7416666666666667 0.024 0.1357142857142857
48 0.085 0.36666666666666664 0.104 0.4380952380952381
35 0.944 0.7845238095238095 0.044 0.06428571428571428
35 0.632 0.6202380952380953 0.02 0.04523809523809524
48 0.643 0.1619047619047619 0.112 0.29523809523809524
48 0.901 0.08571428571428572 0.018 0.03333333333333333
48 0.882 0.0880952380952381 0.01 0.01904761904761905