48 0.16796875 0.5023419203747073 0.3296875 0.9718969555035128
48 0.84453125 0.1053864168618267 0.28125 0.17798594847775176
48 0.5 0.7447306791569087 0.328125 0.48243559718969553
41 0.11953125 0.9098360655737705 0.2296875 0.1592505854800937
48 0.79296875 0.24941451990632318 0.246875 0.16627634660421545
22 0.07265625 0.3864168618266979 0.134375 0.24824355971896955
22 0.103125 0.148711943793911 0.05625 0.15690866510538642
41 0.5 0.6323185011709602 0.3234375 0.702576112412178
41 0.77109375 0.8817330210772834 0.19375 0.21311475409836064
48 0.90859375 0.8278688524590164 0.1671875 0.3044496487119438
48 0.83671875 0.5035128805620609 0.3078125 0.32084309133489464
22 0.0421875 0.19789227166276346 0.0734375 0.2903981264637002
22 0.3234375 0.24004683840749413 0.0453125 0.17330210772833723
41 0.80390625 0.4672131147540984 0.171875 0.20140515222482436
48 0.46875 0.23653395784543327 0.24375 0.4262295081967213
21 0.5640625 0.8501170960187353 0.090625 0.11943793911007025
21 0.8828125 0.1557377049180328 0.209375 0.18266978922716628