13 0.665625 0.48984375 0.28541666666666665 0.978125
48 0.17916666666666667 0.2625 0.3458333333333333 0.35625
78 0.30833333333333335 0.7171875 0.45625 0.565625
14 0.11979166666666667 0.7359375 0.22916666666666666 0.365625
78 0.8520833333333333 0.06640625 0.15416666666666667 0.13125
25 0.8354166666666667 0.63984375 0.15416666666666667 0.1890625
25 0.46458333333333335 0.38984375 0.25625 0.3046875
25 0.8510416666666667 0.4859375 0.13958333333333334 0.1515625
31 0.9291666666666667 0.38046875 0.06875 0.0546875
31 0.21145833333333333 0.46796875 0.04791666666666667 0.109375
26 0.503125 0.49765625 0.99375 0.9796875
48 0.7114583333333333 0.1875 0.5729166666666666 0.3625