20 0.5296875 0.5446009389671361 0.2203125 0.42488262910798125
25 0.76015625 0.573943661971831 0.1234375 0.2676056338028169
25 0.5984375 0.07276995305164319 0.046875 0.06103286384976526
14 0.28359375 0.562206572769953 0.1453125 0.0539906103286385
14 0.09140625 0.5375586854460094 0.096875 0.07511737089201878
14 0.109375 0.6396713615023474 0.140625 0.1056338028169014
14 0.28359375 0.5809859154929577 0.140625 0.03286384976525822
14 0.27265625 0.5469483568075117 0.13125 0.03755868544600939
14 0.26328125 0.5176056338028169 0.1609375 0.035211267605633804
14 0.10078125 0.5974178403755869 0.115625 0.0892018779342723
14 0.09453125 0.4800469483568075 0.1046875 0.06572769953051644
25 0.6578125 0.07629107981220658 0.075 0.07042253521126761
78 0.72109375 0.07981220657276995 0.03125 0.06807511737089202
14 0.19921875 0.6044600938967136 0.0328125 0.06572769953051644
14 0.20234375 0.5516431924882629 0.034375 0.04225352112676056
14 0.27734375 0.7007042253521126 0.15625 0.08215962441314555
14 0.27890625 0.6572769953051644 0.1515625 0.06572769953051644
25 0.5375 0.07042253521126761 0.071875 0.0539906103286385
14 0.28203125 0.636150234741784 0.146875 0.0539906103286385