72 0.621875 0.11413043478260869 0.0421875 0.16032608695652173
72 0.63984375 0.7336956521739131 0.00625 0.021739130434782608
18 0.23125 0.8233695652173914 0.10625 0.15760869565217392
18 0.13125 0.84375 0.159375 0.17391304347826086
18 0.603125 0.8288043478260869 0.0234375 0.035326086956521736
18 0.81171875 0.8396739130434783 0.0515625 0.07065217391304347
18 0.7796875 0.8396739130434783 0.028125 0.06793478260869565
72 0.71796875 0.779891304347826 0.0078125 0.024456521739130436
72 0.640625 0.7730978260869565 0.003125 0.01358695652173913
72 0.6234375 0.7853260869565217 0.003125 0.016304347826086956
18 0.715625 0.8315217391304348 0.0203125 0.04076086956521739
18 0.73359375 0.8369565217391305 0.03125 0.03804347826086957
18 0.4734375 0.8342391304347826 0.0234375 0.03260869565217391
18 0.853125 0.8315217391304348 0.05 0.11684782608695653
18 0.753125 0.8369565217391305 0.015625 0.05434782608695652
18 0.03359375 0.8342391304347826 0.0640625 0.19293478260869565
74 0.92890625 0.8247282608695652 0.1328125 0.1766304347826087
74 0.09375 0.779891304347826 0.078125 0.05434782608695652
74 0.54375 0.8288043478260869 0.0171875 0.021739130434782608
18 0.6828125 0.8342391304347826 0.028125 0.03804347826086957
72 0.7109375 0.782608695652174 0.00625 0.019021739130434784
72 0.6796875 0.7989130434782609 0.003125 0.005434782608695652
72 0.71015625 0.8016304347826086 0.00625 0.010869565217391304
72 0.71796875 0.8043478260869565 0.003125 0.016304347826086956
72 0.6046875 0.8002717391304348 0.0078125 0.01358695652173913
72 0.47265625 0.8043478260869565 0.0046875 0.010869565217391304
72 0.5265625 0.7296195652173914 0.00625 0.02717391304347826