18 0.8265625 0.3911007025761124 0.046875 0.05152224824355972
0 0.49453125 0.43559718969555034 0.9859375 0.6651053864168618
0 0.4828125 0.2681498829039813 0.5921875 0.23185011709601874
0 0.8828125 0.18969555035128804 0.234375 0.2107728337236534
0 0.45 0.18618266978922718 0.2078125 0.12412177985948478
0 0.3125 0.18149882903981265 0.1578125 0.10070257611241218
0 0.20625 0.18969555035128804 0.065625 0.0351288056206089
0 0.8125 0.25175644028103045 0.1734375 0.04918032786885246
74 0.6609375 0.36416861826697894 0.1171875 0.06323185011709602
18 0.66171875 0.3629976580796253 0.115625 0.06323185011709602
0 0.1125 0.18618266978922718 0.221875 0.07494145199063232
74 0.9609375 0.43676814988290397 0.078125 0.09601873536299765