14 0.23541666666666666 0.69453125 0.4708333333333333 0.4765625
3 0.6072916666666667 0.73125 0.32083333333333336 0.4125
3 0.79375 0.73125 0.4125 0.39375
45 0.5739583333333333 0.446875 0.23541666666666666 0.1765625
45 0.8041666666666667 0.41171875 0.23541666666666666 0.171875
45 0.6197916666666666 0.30703125 0.23958333333333334 0.1734375
45 0.421875 0.35859375 0.18333333333333332 0.134375
45 0.359375 0.4796875 0.22916666666666666 0.1546875
45 0.25416666666666665 0.3921875 0.17916666666666667 0.1265625
45 0.1 0.38203125 0.2 0.209375
1 0.3614583333333333 0.68515625 0.14791666666666667 0.11875
1 0.21458333333333332 0.678125 0.42291666666666666 0.3765625
3 0.834375 0.58828125 0.33125 0.2203125