10 0.3703125 0.4986979166666667 0.034375 0.049479166666666664
10 0.9640625 0.7447916666666666 0.0609375 0.057291666666666664
10 0.67578125 0.3645833333333333 0.0625 0.057291666666666664
10 0.7484375 0.48046875 0.05 0.049479166666666664
10 0.75703125 0.546875 0.065625 0.0390625
10 0.7859375 0.6145833333333334 0.0484375 0.041666666666666664
10 0.615625 0.5729166666666666 0.0546875 0.046875
10 0.53671875 0.5833333333333334 0.046875 0.049479166666666664
10 0.9 0.6419270833333334 0.0515625 0.057291666666666664
10 0.49453125 0.4401041666666667 0.0609375 0.0546875
10 0.1328125 0.5403645833333334 0.0484375 0.044270833333333336
10 0.26796875 0.4908854166666667 0.0375 0.049479166666666664
10 0.3609375 0.3411458333333333 0.0453125 0.044270833333333336