9 0.55390625 0.9739583333333334 0.146875 0.052083333333333336
9 0.85078125 0.8041666666666667 0.06875 0.075
9 0.93125 0.8166666666666667 0.0421875 0.05625
72 0.31328125 0.721875 0.021875 0.05416666666666667
72 0.09921875 0.4395833333333333 0.1171875 0.35
48 0.915625 0.7916666666666666 0.0265625 0.1125
48 0.80703125 0.7833333333333333 0.0140625 0.07083333333333333
48 0.70078125 0.7947916666666667 0.0296875 0.09166666666666666
48 0.4015625 0.8229166666666666 0.0265625 0.06875
48 0.36875 0.8302083333333333 0.01875 0.0625
48 0.25625 0.8427083333333333 0.015625 0.04375
72 0.2203125 0.48854166666666665 0.090625 0.16458333333333333
48 0.1484375 0.8479166666666667 0.0203125 0.06041666666666667
9 0.49453125 0.825 0.0421875 0.05
48 0.3484375 0.8364583333333333 0.0109375 0.035416666666666666
18 0.021875 0.8572916666666667 0.025 0.041666666666666664
18 0.08671875 0.834375 0.0140625 0.025
72 0.30625 0.809375 0.0171875 0.027083333333333334