14 0.0008206650326797385 0.0008059803921568627 0.0016266454248366014 0.001604591503267974
19 0.5849673202614379 0.6094771241830066 0.1895424836601307 0.16339869281045752
61 0.27369281045751637 0.43790849673202614 0.5424836601307189 0.5163398692810458
19 0.20506535947712418 0.23529411764705882 0.10130718954248366 0.08823529411764706
19 0.8464052287581699 0.548202614379085 0.08169934640522876 0.06699346405228758
19 0.0857843137254902 0.6772875816993464 0.05228758169934641 0.08006535947712418
19 0.7230392156862745 0.23366013071895425 0.09477124183006536 0.10294117647058823
19 0.8578431372549019 0.1977124183006536 0.1388888888888889 0.12745098039215685
19 0.03594771241830065 0.7426470588235294 0.0718954248366013 0.15849673202614378
19 0.5735294117647058 0.4362745098039216 0.10130718954248366 0.1111111111111111
19 0.35866013071895425 0.0988562091503268 0.10130718954248366 0.09967320261437909
19 0.7124183006535948 0.7083333333333334 0.11601307189542484 0.06045751633986928
19 0.9027777777777778 0.5277777777777778 0.10294117647058823 0.12581699346405228