24 0.39296875 0.5878220140515222 0.190625 0.17798594847775176
24 0.59375 0.629976580796253 0.2953125 0.23653395784543327
24 0.16171875 0.6334894613583139 0.2421875 0.22014051522248243
24 0.75234375 0.4859484777517564 0.1890625 0.16393442622950818
24 0.92109375 0.47540983606557374 0.1578125 0.18266978922716628
24 0.8375 0.6451990632318502 0.134375 0.2646370023419204
24 0.24609375 0.5480093676814989 0.1265625 0.14754098360655737
24 0.94453125 0.6697892271662763 0.1015625 0.38173302107728335
24 0.41171875 0.49882903981264637 0.1046875 0.1053864168618267
18 0.771875 0.3231850117096019 0.2328125 0.2576112412177986
18 0.08515625 0.4344262295081967 0.1703125 0.31381733021077285
43 0.65234375 0.8395784543325527 0.2609375 0.2927400468384075