11 0.44609375 0.5270833333333333 0.1921875 0.35833333333333334
11 0.69375 0.46770833333333334 0.071875 0.09791666666666667
11 0.7625 0.46875 0.0828125 0.09166666666666666
48 0.353125 0.39479166666666665 0.0140625 0.03958333333333333
11 0.878125 0.47291666666666665 0.1046875 0.09583333333333334
11 0.803125 0.46979166666666666 0.1015625 0.09583333333333334
11 0.88046875 0.6395833333333333 0.2390625 0.27291666666666664
48 0.64140625 0.44583333333333336 0.0390625 0.05
9 0.62578125 0.440625 0.078125 0.07291666666666667
11 0.93984375 0.4708333333333333 0.0953125 0.1
9 0.359375 0.4322916666666667 0.040625 0.04791666666666667