9 0.7546875 0.453125 0.03125 0.10208333333333333
9 0.0765625 0.4010416666666667 0.0546875 0.08125
9 0.859375 0.5947916666666667 0.1109375 0.19375
9 0.27890625 0.5197916666666667 0.1359375 0.22083333333333333
18 0.41640625 0.39791666666666664 0.1390625 0.12708333333333333
18 0.10625 0.36041666666666666 0.171875 0.1375
48 0.70703125 0.459375 0.24375 0.68125
48 0.28203125 0.41770833333333335 0.1140625 0.3375
48 0.8703125 0.41458333333333336 0.1015625 0.3229166666666667
48 0.078125 0.353125 0.0515625 0.13333333333333333
57 0.66015625 0.8114583333333333 0.18125 0.05416666666666667
18 0.01953125 0.33541666666666664 0.0390625 0.11041666666666666
74 0.55234375 0.37083333333333335 0.1515625 0.2
2 0.90703125 0.334375 0.0796875 0.11041666666666666
2 0.09375 0.32708333333333334 0.0234375 0.05416666666666667
48 0.93359375 0.46979166666666666 0.13125 0.47291666666666665
9 0.22265625 0.403125 0.021875 0.1
48 0.0140625 0.421875 0.01875 0.27291666666666664
9 0.921875 0.6145833333333334 0.15625 0.32708333333333334