43 0.14140625 0.5813253012048193 0.0265625 0.05421686746987952
43 0.15234375 0.3509036144578313 0.0125 0.05120481927710843
43 0.0375 0.32228915662650603 0.0140625 0.030120481927710843
43 0.09609375 0.5993975903614458 0.0328125 0.018072289156626505
16 0.68203125 0.5135542168674698 0.6140625 0.858433734939759
48 0.55390625 0.6054216867469879 0.075 0.5060240963855421
48 0.6921875 0.3870481927710843 0.059375 0.06927710843373494
48 0.1390625 0.5602409638554217 0.0359375 0.09337349397590361
48 0.46328125 0.3885542168674699 0.86875 0.4367469879518072
18 0.11875 0.7484939759036144 0.2140625 0.2740963855421687
18 0.09453125 0.3509036144578313 0.040625 0.07228915662650602
18 0.08046875 0.31626506024096385 0.0359375 0.060240963855421686
48 0.01796875 0.3072289156626506 0.0140625 0.045180722891566265
48 0.52421875 0.3689759036144578 0.028125 0.11144578313253012
48 0.0125 0.3870481927710843 0.015625 0.07228915662650602
18 0.23203125 0.5948795180722891 0.0765625 0.10542168674698796
18 0.175 0.28313253012048195 0.0390625 0.05421686746987952
18 0.275 0.3177710843373494 0.0390625 0.060240963855421686
18 0.2203125 0.2710843373493976 0.034375 0.04819277108433735
18 0.10078125 0.26957831325301207 0.034375 0.05120481927710843
18 0.01640625 0.25 0.028125 0.04216867469879518
18 0.340625 0.29518072289156627 0.0265625 0.060240963855421686
18 0.30078125 0.2786144578313253 0.0296875 0.06325301204819277
18 0.140625 0.2786144578313253 0.0171875 0.05120481927710843
48 0.4859375 0.3795180722891566 0.025 0.09036144578313253
48 0.12421875 0.6716867469879518 0.025 0.045180722891566265
18 0.27578125 0.26656626506024095 0.0203125 0.0391566265060241