16 0.36484375 0.42604166666666665 0.6203125 0.24583333333333332
48 0.65859375 0.5145833333333333 0.0515625 0.1125
48 0.915625 0.5114583333333333 0.065625 0.15416666666666667
48 0.08125 0.478125 0.0421875 0.16041666666666668
48 0.009375 0.4708333333333333 0.01875 0.17708333333333334
48 0.1078125 0.42083333333333334 0.025 0.11666666666666667
2 0.91796875 0.5625 0.03125 0.052083333333333336
8 0.7796875 0.5520833333333334 0.2078125 0.058333333333333334
35 0.084375 0.44375 0.0234375 0.04583333333333333
48 0.846875 0.5083333333333333 0.034375 0.03333333333333333
48 0.34140625 0.3697916666666667 0.0265625 0.03958333333333333
48 0.5796875 0.40729166666666666 0.025 0.025