13 0.66796875 0.06354166666666666 0.025 0.07916666666666666
48 0.36328125 0.5697916666666667 0.3671875 0.8395833333333333
48 0.71328125 0.540625 0.34375 0.8875
35 0.95078125 0.7239583333333334 0.0984375 0.48333333333333334
48 0.33046875 0.4 0.0328125 0.035416666666666666
48 0.15703125 0.4822916666666667 0.0796875 0.2791666666666667
13 0.1609375 0.6177083333333333 0.0265625 0.10625
13 0.1171875 0.6010416666666667 0.0796875 0.16041666666666668
17 0.3046875 0.7854166666666667 0.065625 0.035416666666666666
17 0.36640625 0.7822916666666667 0.0546875 0.035416666666666666
17 0.3390625 0.753125 0.0796875 0.06458333333333334
17 0.484375 0.7395833333333334 0.0640625 0.0625
17 0.54453125 0.75 0.0578125 0.0625
17 0.38515625 0.7552083333333334 0.040625 0.0375