48 0.2859375 0.50625 0.1359375 0.45625
48 0.37890625 0.4635416666666667 0.1046875 0.25833333333333336
48 0.509375 0.4479166666666667 0.0640625 0.24791666666666667
28 0.95625 0.7677083333333333 0.0484375 0.035416666666666666
28 0.9078125 0.7552083333333334 0.0515625 0.03125
28 0.853125 0.7552083333333334 0.05 0.0375
28 0.87734375 0.7395833333333334 0.04375 0.03125
28 0.91953125 0.7208333333333333 0.053125 0.027083333333333334
28 0.925 0.740625 0.05 0.03125
28 0.9796875 0.7510416666666667 0.040625 0.035416666666666666
28 0.99296875 0.76875 0.0140625 0.03125
28 0.65234375 0.725 0.04375 0.03333333333333333
28 0.63671875 0.70625 0.04375 0.029166666666666667
28 0.4578125 0.6885416666666667 0.034375 0.029166666666666667
28 0.42734375 0.6729166666666667 0.0359375 0.022916666666666665
23 0.64375 0.08541666666666667 0.01875 0.075
25 0.77734375 0.43020833333333336 0.0140625 0.025
25 0.60546875 0.525 0.01875 0.01875
25 0.8453125 0.46979166666666666 0.0140625 0.014583333333333334
25 0.8515625 0.5020833333333333 0.021875 0.020833333333333332
25 0.60625 0.4979166666666667 0.015625 0.016666666666666666
28 0.4140625 0.6614583333333334 0.034375 0.025
25 0.8421875 0.5333333333333333 0.00625 0.020833333333333332
25 0.60390625 0.46875 0.0203125 0.016666666666666666