18 0.61640625 0.5771028037383178 0.1125 0.16822429906542055
48 0.696875 0.6238317757009346 0.0890625 0.3411214953271028
48 0.19140625 0.6717289719626168 0.1 0.35514018691588783
48 0.54609375 0.6203271028037384 0.2046875 0.35046728971962615
57 0.19609375 0.8586448598130841 0.1046875 0.035046728971962614
57 0.85703125 0.7710280373831776 0.06875 0.028037383177570093
57 0.51328125 0.8247663551401869 0.103125 0.030373831775700934
48 0.3578125 0.6133177570093458 0.2671875 0.4182242990654206
48 0.8578125 0.602803738317757 0.0890625 0.338785046728972
18 0.484375 0.610981308411215 0.0375 0.0794392523364486
57 0.7046875 0.7908878504672897 0.0671875 0.030373831775700934
57 0.359375 0.8154205607476636 0.0453125 0.0397196261682243