14 0.79765625 0.49270833333333336 0.2296875 0.2875
14 0.18125 0.5541666666666667 0.1890625 0.24166666666666667
14 0.49765625 0.5322916666666667 0.3515625 0.45416666666666666
15 0.45546875 0.41770833333333335 0.053125 0.05625
15 0.41484375 0.4375 0.0546875 0.07708333333333334
15 0.40390625 0.384375 0.05 0.052083333333333336
15 0.51015625 0.4010416666666667 0.065625 0.14583333333333334
15 0.4375 0.378125 0.028125 0.04375
19 0.41015625 0.5791666666666667 0.1984375 0.21458333333333332
15 0.36875 0.39895833333333336 0.0515625 0.06666666666666667
26 0.50078125 0.49270833333333336 0.9984375 0.9854166666666667