48 0.2822014051522248 0.78046875 0.02576112412177986 0.0375
48 0.20725995316159251 0.7953125 0.01873536299765808 0.04375
48 0.09601873536299765 0.7953125 0.02810304449648712 0.0390625
48 0.0585480093676815 0.80078125 0.02576112412177986 0.0453125
39 0.002067911007025761 0.000923546875 0.0005480210772833723 0.00007902812499999999
39 0.3337236533957845 0.46484375 0.0702576112412178 0.01875
39 0.7014051522248244 0.596875 0.06088992974238876 0.0171875
39 0.8723653395784543 0.38046875 0.07259953161592506 0.0078125
39 0.5187353629976581 0.54921875 0.06557377049180328 0.034375
39 0.5761124121779859 0.44296875 0.0585480093676815 0.009375
39 0.1756440281030445 0.3890625 0.2154566744730679 0.025
39 0.07377049180327869 0.559375 0.04215456674473068 0.0078125
39 0.28688524590163933 0.55078125 0.40046838407494145 0.0890625
39 0.4133489461358314 0.43671875 0.0351288056206089 0.0125
39 0.41451990632318503 0.2953125 0.1990632318501171 0.0203125
39 0.4918032786885246 0.26953125 0.21779859484777517 0.0328125
48 0.00702576112412178 0.784375 0.01405152224824356 0.04375
48 0.5679156908665105 0.678125 0.00234192037470726 0.00625
39 0.7833723653395784 0.44296875 0.06323185011709602 0.00625
48 0.667447306791569 0.715625 0.04449648711943794 0.009375