48 0.8477751756440282 0.77734375 0.0234192037470726 0.03125
48 0.2786885245901639 0.79140625 0.0234192037470726 0.0265625
48 0.8360655737704918 0.80078125 0.01873536299765808 0.0390625
48 0.5234192037470726 0.70703125 0.0117096018735363 0.021875
48 0.7950819672131147 0.69453125 0.01405152224824356 0.0265625
48 0.9086651053864169 0.80859375 0.0234192037470726 0.04375
48 0.32201405152224827 0.88828125 0.02576112412177986 0.053125
48 0.3618266978922717 0.778125 0.01639344262295082 0.0390625
48 0.4718969555035129 0.940625 0.03278688524590164 0.0546875
48 0.29508196721311475 0.83984375 0.03747072599531616 0.046875
76 0.752927400468384 0.915625 0.04918032786885246 0.034375
76 0.6990632318501171 0.90859375 0.053864168618266976 0.03125
76 0.6194379391100703 0.91015625 0.03747072599531616 0.0234375
76 0.550351288056206 0.9171875 0.04215456674473068 0.03125
76 0.5035128805620609 0.92265625 0.0468384074941452 0.0359375
76 0.49414519906323184 0.8671875 0.0351288056206089 0.028125
76 0.5304449648711944 0.86484375 0.0351288056206089 0.01875
76 0.5714285714285714 0.79453125 0.03747072599531616 0.015625
48 0.3091334894613583 0.7828125 0.01405152224824356 0.0390625
48 0.9847775175644028 0.81640625 0.02576112412177986 0.046875
76 0.6147540983606558 0.88984375 0.04449648711943794 0.01875
76 0.5995316159250585 0.8625 0.04215456674473068 0.0203125
76 0.65807962529274 0.8484375 0.03747072599531616 0.015625
76 0.4918032786885246 0.8484375 0.0351288056206089 0.015625
48 0.6615925058548009 0.77421875 0.01873536299765808 0.0375
76 0.5 0.81015625 0.03278688524590164 0.0125
35 0.9918032786885246 0.81953125 0.0117096018735363 0.009375
35 0.3231850117096019 0.8875 0.02107728337236534 0.009375