72 0.31466666666666665 0.352 0.048 0.094
72 0.32266666666666666 0.539 0.048 0.092
35 0.02266666666666667 0.78 0.04533333333333334 0.074
18 0.20133333333333334 0.702 0.09066666666666667 0.046
18 0.2826666666666667 0.7 0.064 0.032
18 0.37866666666666665 0.702 0.09066666666666667 0.044
48 0.02 0.846 0.032 0.144
18 0.04933333333333333 0.705 0.048 0.052
18 0.5266666666666666 0.694 0.07466666666666667 0.054
18 0.9626666666666667 0.694 0.064 0.04
18 0.456 0.694 0.07466666666666667 0.032
18 0.49733333333333335 0.687 0.02666666666666667 0.02
18 0.9053333333333333 0.695 0.029333333333333333 0.04
18 0.768 0.7 0.04 0.048
18 0.4026666666666667 0.68 0.10133333333333333 0.02
18 0.32266666666666666 0.685 0.050666666666666665 0.016
18 0.006666666666666667 0.682 0.013333333333333334 0.022
48 0.02666666666666667 0.726 0.05333333333333334 0.112