31 0.36171875 0.4671361502347418 0.040625 0.4413145539906103
31 0.2015625 0.47769953051643194 0.046875 0.44366197183098594
31 0.5140625 0.460093896713615 0.046875 0.42488262910798125
31 0.65703125 0.4495305164319249 0.053125 0.45305164319248825
31 0.80859375 0.45892018779342725 0.0546875 0.4272300469483568
31 0.68515625 0.8532863849765259 0.225 0.2934272300469484
1 0.56875 0.7053990610328639 0.1265625 0.19248826291079812
1 0.296875 0.6960093896713615 0.125 0.1784037558685446
1 0.359375 0.19483568075117372 0.1171875 0.12910798122065728
1 0.5171875 0.20305164319248825 0.1140625 0.11502347417840375
1 0.1859375 0.2007042253521127 0.1140625 0.12206572769953052
1 0.79140625 0.1983568075117371 0.109375 0.11737089201877934
31 0.15390625 0.8392018779342723 0.284375 0.2136150234741784
1 0.65390625 0.21713615023474178 0.1078125 0.11502347417840375