16 0.4609375 0.5623529411764706 0.5265625 0.7858823529411765
35 0.85546875 0.74 0.0921875 0.1952941176470588
35 0.76484375 0.6247058823529412 0.0265625 0.05176470588235294
48 0.140625 0.78 0.1515625 0.4188235294117647
16 0.071875 0.4211764705882353 0.140625 0.4423529411764706
35 0.11484375 0.7588235294117647 0.0546875 0.08470588235294117
48 0.18046875 0.6694117647058824 0.0984375 0.35294117647058826
48 0.7609375 0.6270588235294118 0.0421875 0.1811764705882353
48 0.74765625 0.5458823529411765 0.0109375 0.02588235294117647
48 0.78671875 0.5423529411764706 0.015625 0.03058823529411765
48 0.88203125 0.7658823529411765 0.1359375 0.4682352941176471
48 0.73203125 0.6235294117647059 0.025 0.17411764705882352
48 0.7828125 0.6035294117647059 0.0296875 0.15294117647058825
48 0.05234375 0.7494117647058823 0.0984375 0.46588235294117647
48 0.72421875 0.5505882352941176 0.009375 0.02588235294117647
2 0.059375 0.8058823529411765 0.11875 0.38823529411764707
48 0.0140625 0.47411764705882353 0.0234375 0.058823529411764705