48 0.809375 0.22941176470588234 0.134375 0.4423529411764706
25 0.565625 0.48470588235294115 0.046875 0.08235294117647059
25 0.66640625 0.5011764705882353 0.0515625 0.09647058823529411
25 0.340625 0.49529411764705883 0.046875 0.09647058823529411
25 0.46015625 0.43529411764705883 0.04375 0.08705882352941176
25 0.5546875 0.4411764705882353 0.0453125 0.09176470588235294
25 0.65703125 0.45176470588235296 0.04375 0.09176470588235294
25 0.7421875 0.5058823529411764 0.046875 0.09647058823529411
25 0.7265625 0.4623529411764706 0.04375 0.08470588235294117
37 0.459375 0.5941176470588235 0.0671875 0.17176470588235293
37 0.2984375 0.6517647058823529 0.0890625 0.10352941176470588
37 0.6203125 0.7423529411764705 0.0640625 0.19058823529411764
37 0.4390625 0.7517647058823529 0.059375 0.18823529411764706
37 0.57734375 0.6082352941176471 0.1125 0.12705882352941175
37 0.61875 0.5847058823529412 0.0484375 0.12941176470588237
37 0.68046875 0.72 0.06875 0.08
25 0.4484375 0.48 0.0484375 0.08235294117647059
25 0.35625 0.4435294117647059 0.04375 0.09647058823529411
25 0.809375 0.5152941176470588 0.046875 0.08941176470588236
25 0.790625 0.4717647058823529 0.0421875 0.08470588235294117
37 0.39140625 0.6023529411764705 0.0546875 0.14352941176470588
37 0.39140625 0.7152941176470589 0.071875 0.1811764705882353
37 0.5171875 0.7423529411764705 0.140625 0.10588235294117647
37 0.775 0.6494117647058824 0.05 0.1388235294117647
37 0.8921875 0.6729411764705883 0.0359375 0.10588235294117647
26 0.50234375 0.7094117647058824 0.853125 0.5623529411764706
37 0.68203125 0.7952941176470588 0.078125 0.07764705882352942
48 0.57421875 0.2 0.1484375 0.4
25 0.8796875 0.5235294117647059 0.0375 0.07764705882352942