57 0.3421875 0.711943793911007 0.1359375 0.06323185011709602
57 0.75078125 0.9192037470725996 0.1953125 0.10070257611241218
57 0.625 0.5327868852459017 0.0328125 0.0351288056206089
48 0.75078125 0.6861826697892272 0.253125 0.5995316159250585
48 0.3359375 0.5456674473067916 0.140625 0.4215456674473068
48 0.56953125 0.4765807962529274 0.153125 0.34660421545667447
48 0.4765625 0.5351288056206089 0.0671875 0.30679156908665106
48 0.18515625 0.3758782201405152 0.1765625 0.6838407494145199
48 0.66953125 0.5140515222482436 0.1109375 0.31381733021077285
48 0.68125 0.3395784543325527 0.0265625 0.11241217798594848
48 0.55546875 0.32903981264637 0.0234375 0.0468384074941452
48 0.65 0.34660421545667447 0.0203125 0.06323185011709602
48 0.49140625 0.3430913348946136 0.0375 0.08196721311475409
48 0.2296875 0.4601873536299766 0.13125 0.40749414519906324