76 0.41916167664670656 0.28 0.5119760479041916 0.384
76 0.7919161676646707 0.07 0.40119760479041916 0.068
22 0.9281437125748503 0.365 0.10778443113772455 0.154
22 0.8068862275449101 0.372 0.1437125748502994 0.162
48 0.36976047904191617 0.245 0.09880239520958084 0.11
8 0.23053892215568864 0.393 0.3712574850299401 0.126
8 0.4550898203592814 0.26 0.18562874251497005 0.08
67 0.7979041916167665 0.465 0.2934131736526946 0.124
48 0.47754491017964074 0.246 0.09880239520958084 0.07
76 0.9610778443113772 0.146 0.038922155688622756 0.034
22 0.2125748502994012 0.27 0.05089820359281437 0.062
22 0.12724550898203593 0.265 0.05389221556886228 0.072
22 0.9266467065868264 0.248 0.11077844311377245 0.1
48 0.46107784431137727 0.522 0.6946107784431138 0.546