36 0.36171875 0.5 0.7234375 1
18 0.8328125 0.6088992974238876 0.0640625 0.05152224824355972
18 0.34921875 0.6721311475409836 0.14375 0.20608899297423888
18 0.7484375 0.6088992974238876 0.05625 0.03747072599531616
48 0.8828125 0.607728337236534 0.015625 0.06791569086651054
48 0.98125 0.6042154566744731 0.021875 0.07259953161592506
48 0.7859375 0.6030444964871194 0.0125 0.0351288056206089
48 0.71796875 0.585480093676815 0.0078125 0.02576112412177986
48 0.91875 0.6053864168618267 0.0140625 0.05152224824355972
48 0.87109375 0.6159250585480094 0.0328125 0.07259953161592506
9 0.89296875 0.6194379391100703 0.0125 0.03981264637002342
9 0.265625 0.7423887587822015 0.096875 0.1873536299765808
48 0.896875 0.5913348946135831 0.0109375 0.03981264637002342