50 0.66875 0.21369294605809128 0.11875 0.4004149377593361
50 0.90078125 0.36410788381742737 0.1890625 0.7116182572614108
36 0.51015625 0.6587136929460581 0.3234375 0.6473029045643154
22 0.9515625 0.6369294605809128 0.084375 0.1970954356846473
48 0.33671875 0.32261410788381745 0.1375 0.2987551867219917
48 0.5453125 0.3703319502074689 0.0609375 0.08921161825726141
48 0.490625 0.3962655601659751 0.0546875 0.08298755186721991
48 0.0890625 0.43775933609958506 0.05625 0.18464730290456433
36 0.709375 0.6618257261410788 0.396875 0.5456431535269709
35 0.103125 0.4408713692946058 0.03125 0.06224066390041494
48 0.859375 0.3796680497925311 0.0515625 0.08091286307053942
35 0.48984375 0.4139004149377593 0.034375 0.04771784232365145
68 0.33828125 0.2987551867219917 0.015625 0.058091286307053944
8 0.9546875 0.6379668049792531 0.0875 0.1908713692946058
8 0.80546875 0.6421161825726142 0.0296875 0.12863070539419086