36 0.39166666666666666 0.7375 0.7833333333333333 0.515625
18 0.7875 0.52109375 0.4166666666666667 0.2359375
18 0.6083333333333333 0.5015625 0.0375 0.034375
48 0.8614583333333333 0.39609375 0.03125 0.028125
48 0.9552083333333333 0.31953125 0.0375 0.01875
48 0.5083333333333333 0.52890625 0.027083333333333334 0.0328125
48 0.975 0.31015625 0.022916666666666665 0.025
48 0.89375 0.34765625 0.0125 0.0140625
48 0.8854166666666666 0.35078125 0.014583333333333334 0.0140625
48 0.7885416666666667 0.4203125 0.025 0.0234375
48 0.74375 0.4375 0.03125 0.01875
48 0.578125 0.5125 0.025 0.028125
48 0.64375 0.47578125 0.025 0.0234375
48 0.39375 0.9 0.11666666666666667 0.1640625
48 0.5239583333333333 0.52578125 0.014583333333333334 0.0140625
48 0.959375 0.3125 0.025 0.015625