13 0.721875 0.584375 0.0296875 0.11875
22 0.5125 0.9270833333333334 0.7453125 0.12291666666666666
48 0.415625 0.46041666666666664 0.2046875 0.32083333333333336
48 0.1078125 0.3697916666666667 0.1734375 0.4125
40 0.92265625 0.25833333333333336 0.0171875 0.11041666666666666
40 0.96484375 0.2916666666666667 0.015625 0.13333333333333333
61 0.6890625 0.6447916666666667 0.0375 0.04375
14 0.70625 0.68125 0.159375 0.08541666666666667
48 0.81640625 0.5854166666666667 0.3625 0.8
2 0.30546875 0.521875 0.0765625 0.1125
40 0.946875 0.2760416666666667 0.009375 0.11666666666666667
14 0.73046875 0.6697916666666667 0.1046875 0.04375
48 0.559375 0.42083333333333334 0.2515625 0.30833333333333335