36 0.2234375 0.8143631436314364 0.0328125 0.08943089430894309
36 0.6078125 0.6124661246612466 0.03125 0.032520325203252036
36 0.5796875 0.6138211382113821 0.021875 0.032520325203252036
36 0.84296875 0.6084010840108401 0.03125 0.04065040650406504
36 0.8734375 0.6029810298102981 0.028125 0.04065040650406504
36 0.14609375 0.7452574525745257 0.0203125 0.04065040650406504
36 0.3515625 0.7764227642276422 0.0625 0.07588075880758807
24 0.65234375 0.7710027100271003 0.015625 0.03523035230352303
24 0.7015625 0.7899728997289973 0.0421875 0.04065040650406504
24 0.61796875 0.7750677506775068 0.040625 0.04336043360433604
24 0.56640625 0.7913279132791328 0.0453125 0.024390243902439025
24 0.7140625 0.7655826558265583 0.0171875 0.018970189701897018
24 0.99375 0.8089430894308943 0.0125 0.03523035230352303
24 0.5921875 0.7696476964769647 0.015625 0.05420054200542006
24 0.65390625 0.7994579945799458 0.028125 0.02168021680216802
24 0.896875 0.8102981029810298 0.028125 0.018970189701897018
36 0.67734375 0.7967479674796748 0.021875 0.02710027100271003
36 0.6453125 0.7967479674796748 0.046875 0.02710027100271003