43 0.8927083333333333 0.6578125 0.05 0.0453125
43 0.8552083333333333 0.66328125 0.07083333333333333 0.040625
48 0.8145833333333333 0.61015625 0.01875 0.0203125
48 0.634375 0.678125 0.020833333333333332 0.040625
48 0.5833333333333334 0.90234375 0.03333333333333333 0.0984375
48 0.5385416666666667 0.903125 0.041666666666666664 0.09375
48 0.6364583333333333 0.909375 0.04583333333333333 0.10625
43 0.7291666666666666 0.63046875 0.025 0.028125
76 0.17395833333333333 0.88515625 0.1375 0.1359375
76 0.49270833333333336 0.70234375 0.0875 0.05625
76 0.446875 0.825 0.11458333333333333 0.096875
76 0.5895833333333333 0.76328125 0.07916666666666666 0.046875
76 0.6020833333333333 0.74453125 0.041666666666666664 0.0140625
76 0.6291666666666667 0.709375 0.09583333333333334 0.021875
76 0.04791666666666667 0.7375 0.09583333333333334 0.028125
76 0.23020833333333332 0.70625 0.10416666666666667 0.0296875
76 0.3697916666666667 0.68125 0.0625 0.0125
35 0.43333333333333335 0.92578125 0.016666666666666666 0.01875
48 0.41354166666666664 0.921875 0.03958333333333333 0.1
48 0.6729166666666667 0.64140625 0.022916666666666665 0.0546875
76 0.428125 0.75 0.09791666666666667 0.0296875
76 0.6708333333333333 0.73984375 0.07291666666666667 0.01875
35 0.5135416666666667 0.9234375 0.01875 0.025
35 0.528125 0.8984375 0.016666666666666666 0.028125
48 0.28854166666666664 0.66953125 0.016666666666666666 0.03125
48 0.80625 0.6359375 0.020833333333333332 0.04375
48 0.296875 0.9234375 0.04583333333333333 0.0984375
48 0.75625 0.653125 0.022916666666666665 0.025
63 0.840625 0.60703125 0.01875 0.0203125
76 0.8114583333333333 0.72421875 0.06875 0.0265625