18 0.7810026385224275 0.6015625 0.43799472295514513 0.2125
18 0.6121372031662269 0.490625 0.3324538258575198 0.153125
18 0.5158311345646438 0.33828125 0.18997361477572558 0.0609375
18 0.7110817941952506 0.31171875 0.1662269129287599 0.071875
18 0.9445910290237467 0.3171875 0.10817941952506596 0.0609375
30 0.6424802110817942 0.6859375 0.10817941952506596 0.1375
48 0.7084432717678101 0.71796875 0.33773087071240104 0.3453125
48 0.11477572559366754 0.4109375 0.11609498680738786 0.1671875
48 0.03825857519788918 0.3078125 0.06860158311345646 0.0953125
48 0.044854881266490766 0.23203125 0.029023746701846966 0.05625
18 0.5303430079155673 0.43125 0.2928759894459103 0.1328125
18 0.6451187335092349 0.27734375 0.0633245382585752 0.0140625
63 0.8403693931398417 0.26640625 0.23482849604221637 0.1375