36 0.67109375 0.5199063231850117 0.265625 0.7423887587822015
48 0.13515625 0.5690866510538641 0.125 0.6088992974238876
48 0.5328125 0.14285714285714285 0.1671875 0.24824355971896955
48 0.68984375 0.08782201405152225 0.0984375 0.1756440281030445
48 0.7734375 0.07728337236533958 0.0984375 0.1522248243559719
48 0.8625 0.09601873536299765 0.0859375 0.14988290398126464
48 0.9421875 0.28688524590163933 0.115625 0.5737704918032787
48 0.4078125 0.12646370023419204 0.1359375 0.2529274004683841
48 0.32890625 0.765807962529274 0.40625 0.2505854800936768
48 0.04296875 0.6768149882903981 0.0859375 0.37236533957845436
48 0.07890625 0.39344262295081966 0.0734375 0.1592505854800937