27 0.1266233766233766 0.19742489270386265 0.1038961038961039 0.2703862660944206
27 0.3717532467532468 0.1759656652360515 0.045454545454545456 0.11587982832618025
27 0.4383116883116883 0.22746781115879827 0.11688311688311688 0.1759656652360515
27 0.3051948051948052 0.15236051502145923 0.10714285714285714 0.22317596566523606
27 0.2824675324675325 0.17381974248927037 0.05844155844155844 0.1630901287553648
27 0.3782467532467532 0.8927038626609443 0.05844155844155844 0.12875536480686695
27 0.5698051948051948 0.21888412017167383 0.1331168831168831 0.11158798283261803
27 0.6314935064935064 0.13733905579399142 0.06818181818181818 0.15450643776824036
27 0.7045454545454546 0.22746781115879827 0.08766233766233766 0.1630901287553648
27 0.42857142857142855 0.6051502145922747 0.1461038961038961 0.0944206008583691
27 0.8717532467532467 0.23605150214592274 0.24025974025974026 0.16738197424892703
27 0.9415584415584416 0.14163090128755365 0.11038961038961038 0.11158798283261803
27 0.3961038961038961 0.5665236051502146 0.13636363636363635 0.12875536480686695
27 0.9561688311688312 0.5064377682403434 0.08441558441558442 0.12017167381974249
27 0.5941558441558441 0.8283261802575107 0.07142857142857142 0.16738197424892703
27 0.4512987012987013 0.8390557939914163 0.09415584415584416 0.23605150214592274
27 0.1525974025974026 0.5429184549356223 0.17207792207792208 0.2446351931330472
27 0.5 0.5214592274678111 0.9935064935064936 0.944206008583691
27 0.8782467532467533 0.45064377682403434 0.09090909090909091 0.12017167381974249