5 0.540625 0.38875878220140514 0.0421875 0.117096018735363
48 0.49609375 0.5526932084309133 0.234375 0.8056206088992974
48 0.36640625 0.45081967213114754 0.128125 0.5035128805620609
48 0.68046875 0.3911007025761124 0.1109375 0.4332552693208431
48 0.87109375 0.34660421545667447 0.0953125 0.27400468384074944
48 0.86015625 0.20725995316159251 0.0828125 0.15456674473067916
48 0.74453125 0.16393442622950818 0.115625 0.13348946135831383
48 0.19140625 0.1721311475409836 0.0625 0.11007025761124122
48 0.153125 0.28337236533957844 0.075 0.22716627634660422
48 0.096875 0.2822014051522248 0.075 0.22950819672131148
48 0.88125 0.1451990632318501 0.0484375 0.08430913348946135
48 0.34765625 0.1721311475409836 0.0421875 0.117096018735363
5 0.71875 0.39695550351288056 0.0296875 0.05620608899297424
48 0.3125 0.22950819672131148 0.0578125 0.12646370023419204
8 0.7546875 0.12412177985948478 0.2015625 0.0468384074941452
8 0.740625 0.07377049180327869 0.103125 0.0234192037470726
48 0.2421875 0.2728337236533958 0.1046875 0.2529274004683841
8 0.79765625 0.12997658079625293 0.05625 0.03747072599531616
8 0.825 0.16627634660421545 0.03125 0.03981264637002342