48 0.3609375 0.6098130841121495 0.1453125 0.25
48 0.56015625 0.5093457943925234 0.15 0.4462616822429907
48 0.275 0.8387850467289719 0.16875 0.24766355140186916
48 0.2671875 0.5467289719626168 0.10625 0.3925233644859813
48 0.61171875 0.03271028037383177 0.03125 0.056074766355140186
48 0.93046875 0.12266355140186916 0.04375 0.2266355140186916
48 0.0734375 0.10514018691588785 0.0453125 0.10046728971962617
4 0.51484375 0.3177570093457944 0.0125 0.06542056074766354
5 0.4234375 0.5864485981308412 0.03125 0.0514018691588785
48 0.39375 0.102803738317757 0.0265625 0.0514018691588785
48 0.54296875 0.02570093457943925 0.040625 0.04906542056074766
48 0.36796875 0.19158878504672897 0.0265625 0.0794392523364486
4 0.23984375 0.7032710280373832 0.03125 0.2336448598130841
48 0.6953125 0.02453271028037383 0.0421875 0.04906542056074766
48 0.096875 0.030373831775700934 0.034375 0.056074766355140186
5 0.51953125 0.35630841121495327 0.0265625 0.04205607476635514
48 0.36640625 0.11214953271028037 0.0203125 0.037383177570093455