48 0.49921875 0.1278118609406953 0.159375 0.2556237218813906
48 0.66328125 0.11554192229038855 0.128125 0.2310838445807771
43 0.51484375 0.5102249488752556 0.90625 0.9550102249488752
43 0.0625 0.07157464212678936 0.121875 0.14314928425357873
43 0.91875 0.10429447852760736 0.11875 0.16973415132924335
43 0.7640625 0.06441717791411043 0.1203125 0.07770961145194274
48 0.1484375 0.130879345603272 0.1 0.261758691206544
48 0.79453125 0.02556237218813906 0.0734375 0.05112474437627812
48 0.73671875 0.0408997955010225 0.053125 0.081799591002045
48 0.98671875 0.08282208588957055 0.0265625 0.1656441717791411
48 0.21875 0.08997955010224949 0.0625 0.17995910020449898
43 0.26875 0.07566462167689161 0.078125 0.1492842535787321
43 0.296875 0.06952965235173825 0.0828125 0.1390593047034765
48 0.8671875 0.03374233128834356 0.065625 0.06748466257668712
43 0.83359375 0.06952965235173825 0.1265625 0.10224948875255624