50 0.8197916666666667 0.45078125 0.07916666666666666 0.0625
22 0.9583333333333334 0.47265625 0.08333333333333333 0.0796875
60 0.0017943583333333332 0.0009542968750000001 0.0005779520833333334 0.0003494625
48 0.34479166666666666 0.7765625 0.3375 0.4140625
48 0.6385416666666667 0.46171875 0.31666666666666665 0.603125
25 0.9177083333333333 0.6984375 0.05416666666666667 0.05625
25 0.7916666666666666 0.7484375 0.06666666666666667 0.0640625
12 0.042708333333333334 0.221875 0.03333333333333333 0.14375
13 0.371875 0.84375 0.0625 0.178125
13 0.5833333333333334 0.378125 0.0375 0.1046875
52 0.9572916666666667 0.70234375 0.03333333333333333 0.015625
52 0.8260416666666667 0.70078125 0.07083333333333333 0.0328125
12 0.121875 0.23125 0.020833333333333332 0.1359375
48 0.6416666666666667 0.765625 0.38125 0.46875
12 0.08125 0.21953125 0.04375 0.1390625
12 0.10520833333333333 0.24453125 0.016666666666666666 0.1109375