26 0.68828125 0.6889671361502347 0.603125 0.6220657276995305
40 0.6734375 0.5492957746478874 0.0375 0.03286384976525822
14 0.66953125 0.4495305164319249 0.078125 0.06807511737089202
13 0.63125 0.3955399061032864 0.0296875 0.12441314553990611
13 0.56875 0.3732394366197183 0.0296875 0.11971830985915492
25 0.58984375 0.38615023474178406 0.0171875 0.06103286384976526
40 0.6375 0.5258215962441315 0.0203125 0.014084507042253521
22 0.084375 0.7124413145539906 0.16875 0.44366197183098594
22 0.80390625 0.8755868544600939 0.1953125 0.24882629107981222
22 0.08125 0.9237089201877934 0.1625 0.15258215962441316
14 0.5625 0.4788732394366197 0.084375 0.06572769953051644