22 0.92734375 0.8878504672897196 0.1453125 0.21728971962616822
48 0.4328125 0.5572429906542056 0.54375 0.8644859813084113
49 0.58125 0.5408878504672897 0.1359375 0.13317757009345793
22 0.728125 0.6238317757009346 0.0375 0.0514018691588785
26 0.89375 0.5969626168224299 0.090625 0.016355140186915886
48 0.8953125 0.5572429906542056 0.034375 0.06775700934579439
48 0.7046875 0.5490654205607477 0.0265625 0.05841121495327103
22 0.9578125 0.6950934579439252 0.0609375 0.07009345794392523
22 0.809375 0.5852803738317757 0.0390625 0.03271028037383177
22 0.7203125 0.6962616822429907 0.0625 0.18691588785046728
26 0.9296875 0.7546728971962616 0.140625 0.056074766355140186
22 0.84296875 0.8586448598130841 0.1296875 0.23598130841121495