48 0.496875 0.5765625 0.30833333333333335 0.6875
35 0.9020833333333333 0.44453125 0.19166666666666668 0.2484375
35 0.8375 0.43984375 0.175 0.240625
35 0.08333333333333333 0.28203125 0.03958333333333333 0.1015625
35 0.5895833333333333 0.16484375 0.09791666666666667 0.0546875
35 0.9010416666666666 0.07109375 0.19791666666666666 0.1421875
35 0.9114583333333334 0.15703125 0.17708333333333334 0.05
35 0.6854166666666667 0.16484375 0.1375 0.1078125
35 0.035416666666666666 0.15703125 0.06666666666666667 0.090625
35 0.665625 0.13984375 0.05416666666666667 0.065625
35 0.12916666666666668 0.18671875 0.04375 0.075
35 0.5916666666666667 0.2109375 0.075 0.046875
35 0.0875 0.18125 0.05 0.071875
76 0.42916666666666664 0.3859375 0.56875 0.4421875
35 0.03229166666666667 0.2859375 0.06458333333333334 0.1046875