48 0.73359375 0.8189252336448598 0.2359375 0.352803738317757
48 0.81328125 0.5911214953271028 0.05 0.13551401869158877
48 0.35625 0.8271028037383178 0.10625 0.338785046728972
48 0.90078125 0.7546728971962616 0.0375 0.10046728971962617
22 0.48828125 0.8563084112149533 0.1140625 0.28738317757009346
22 0.6203125 0.9404205607476636 0.1359375 0.11448598130841121
22 0.615625 0.8154205607476636 0.1609375 0.3130841121495327
22 0.22265625 0.8177570093457944 0.1796875 0.3317757009345794
22 0.9140625 0.8936915887850467 0.171875 0.18691588785046728
22 0.31796875 0.8165887850467289 0.0484375 0.18691588785046728
48 0.1046875 0.6378504672897196 0.090625 0.18457943925233644