65 0.53984375 0.5729166666666666 0.765625 0.11458333333333333
48 0.1328125 0.47708333333333336 0.04375 0.03958333333333333
48 0.05078125 0.4510416666666667 0.0171875 0.035416666666666666
48 0.15390625 0.43020833333333336 0.04375 0.025
48 0.41875 0.47604166666666664 0.3875 0.24791666666666667
48 0.0296875 0.4125 0.0140625 0.0625
48 0.346875 0.37083333333333335 0.015625 0.05
48 0.5390625 0.30104166666666665 0.0203125 0.07291666666666667
65 0.15234375 0.43125 0.0375 0.014583333333333334
48 0.1171875 0.42916666666666664 0.053125 0.0375
48 0.16796875 0.3854166666666667 0.01875 0.06666666666666667
48 0.19921875 0.384375 0.015625 0.052083333333333336
48 0.2265625 0.36875 0.015625 0.052083333333333336
48 0.31953125 0.3697916666666667 0.0046875 0.0125
48 0.3734375 0.371875 0.015625 0.04791666666666667