60 0.24921875 0.778169014084507 0.4984375 0.42488262910798125
78 0.75234375 0.45305164319248825 0.0296875 0.08450704225352113
78 0.81484375 0.289906103286385 0.0265625 0.07981220657276995
14 0.79921875 0.04460093896713615 0.1140625 0.0892018779342723
78 0.77578125 0.4565727699530516 0.021875 0.06807511737089202
78 0.96015625 0.2687793427230047 0.0234375 0.08215962441314555
78 0.98203125 0.2652582159624413 0.021875 0.06103286384976526
78 0.80625 0.4612676056338028 0.0234375 0.06103286384976526
78 0.79375 0.4565727699530516 0.0171875 0.07511737089201878
78 0.775 0.2934272300469484 0.0203125 0.07981220657276995
78 0.91875 0.2511737089201878 0.0203125 0.04225352112676056
78 0.9390625 0.2687793427230047 0.0171875 0.05868544600938967
78 0.75859375 0.30164319248826293 0.0171875 0.07746478873239436
78 0.9015625 0.27230046948356806 0.01875 0.06103286384976526
78 0.7453125 0.3004694835680751 0.015625 0.08450704225352113