60 0.7078125 0.7875 0.584375 0.4041666666666667
23 0.1171875 0.020833333333333332 0.0828125 0.03333333333333333
22 0.025 0.7364583333333333 0.05 0.50625
48 0.35234375 0.5791666666666667 0.196875 0.8166666666666667
48 0.69765625 0.5177083333333333 0.296875 0.9333333333333333
48 0.86484375 0.74375 0.1859375 0.39166666666666666
25 0.13828125 0.7135416666666666 0.0328125 0.05625
25 0.0578125 0.7114583333333333 0.03125 0.052083333333333336
14 0.1578125 0.55 0.0671875 0.035416666666666666
52 0.30703125 0.2708333333333333 0.0421875 0.08541666666666667
52 0.57578125 0.38229166666666664 0.034375 0.11666666666666667
52 0.6078125 0.35833333333333334 0.0359375 0.035416666666666666
48 0.5109375 0.7416666666666667 0.2125 0.5041666666666667
48 0.43203125 0.4979166666666667 0.0625 0.4395833333333333
21 0.390625 0.69375 0.0328125 0.05416666666666667
23 0.30625 0.5989583333333334 0.0125 0.014583333333333334
77 0.1109375 0.5385416666666667 0.0265625 0.04375
77 0.23046875 0.6520833333333333 0.046875 0.06666666666666667