44 0.21 0.6307692307692307 0.018 0.046153846153846156
38 0.735 0.7512820512820513 0.124 0.17435897435897435
38 0.147 0.7205128205128205 0.122 0.15897435897435896
12 0.33 0.6410256410256411 0.112 0.18974358974358974
12 0.108 0.11794871794871795 0.098 0.1282051282051282
12 0.336 0.5128205128205128 0.064 0.11282051282051282
12 0.927 0.8589743589743589 0.116 0.18461538461538463
12 0.893 0.6641025641025641 0.052 0.13333333333333333
25 0.846 0.7487179487179487 0.032 0.07692307692307693
75 0.109 0.38974358974358975 0.142 0.3487179487179487
44 0.819 0.8205128205128205 0.026 0.05128205128205128
12 0.878 0.6307692307692307 0.052 0.13846153846153847
12 0.344 0.05128205128205128 0.026 0.10256410256410256
75 0.775 0.541025641025641 0.138 0.3230769230769231
12 0.911 0.7051282051282052 0.058 0.15897435897435896
12 0.211 0.09487179487179487 0.018 0.07692307692307693
12 0.296 0.05641025641025641 0.018 0.1076923076923077
12 0.269 0.07435897435897436 0.024 0.07692307692307693
12 0.232 0.08974358974358974 0.012 0.07692307692307693
12 0.178 0.1 0.014 0.046153846153846156
22 0.454 0.7230769230769231 0.058 0.12307692307692308
22 0.11 0.8717948717948718 0.076 0.1794871794871795