18 0.8625 0.45764462809917356 0.2578125 0.15702479338842976
18 0.2265625 0.42045454545454547 0.0140625 0.012396694214876033
72 0.66875 0.32541322314049587 0.021875 0.05371900826446281
72 0.51875 0.3419421487603306 0.0109375 0.026859504132231406
72 0.44140625 0.368801652892562 0.00625 0.01859504132231405
72 0.92734375 0.04648760330578512 0.034375 0.06818181818181818
48 0.4390625 0.43388429752066116 0.0140625 0.05371900826446281
18 0.1734375 0.42045454545454547 0.0140625 0.012396694214876033
18 0.1984375 0.41632231404958675 0.0109375 0.014462809917355372
72 0.815625 0.3357438016528926 0.0078125 0.03925619834710744
72 0.6828125 0.3130165289256198 0.00625 0.045454545454545456
18 0.8515625 0.6973140495867769 0.265625 0.25826446280991733
18 0.528125 0.4359504132231405 0.0625 0.04132231404958678
18 0.28359375 0.42768595041322316 0.0234375 0.01652892561983471
18 0.13671875 0.42665289256198347 0.01875 0.01652892561983471
18 0.5640625 0.4297520661157025 0.0234375 0.014462809917355372
18 0.2546875 0.42458677685950413 0.01875 0.01652892561983471
18 0.21171875 0.41838842975206614 0.0109375 0.014462809917355372
18 0.14296875 0.41838842975206614 0.009375 0.012396694214876033
18 0.165625 0.4225206611570248 0.0140625 0.014462809917355372