33 0.62265625 0.4825174825174825 0.4265625 0.49417249417249415
79 0.3375 0.7668997668997669 0.334375 0.2913752913752914
79 0.85703125 0.5104895104895105 0.0359375 0.039627039627039624
79 0.89140625 0.5081585081585082 0.0234375 0.03496503496503497
79 0.359375 0.5104895104895105 0.0453125 0.053613053613053616
79 0.94765625 0.5034965034965035 0.0328125 0.039627039627039624
79 0.90625 0.5641025641025641 0.053125 0.09090909090909091
79 0.1734375 0.5093240093240093 0.0625 0.04895104895104895
79 0.23984375 0.5209790209790209 0.034375 0.053613053613053616
79 0.0015417 0.0012207062937062937 0.0000416015625 0.00008715384615384615
79 0.971875 0.534965034965035 0.0421875 0.04895104895104895
79 0.884375 0.5314685314685315 0.0234375 0.05128205128205128
79 0.9859375 0.48834498834498835 0.028125 0.04195804195804196
79 0.96796875 0.4988344988344988 0.0171875 0.023310023310023312