48 0.57734375 0.5304449648711944 0.771875 0.9156908665105387
68 0.5046875 0.6908665105386417 0.0609375 0.2857142857142857
12 0.84609375 0.5960187353629977 0.0984375 0.07962529274004684
12 0.85078125 0.5714285714285714 0.0921875 0.08196721311475409
12 0.784375 0.6229508196721312 0.084375 0.10772833723653395
48 0.11796875 0.09250585480093677 0.221875 0.18501170960187355
22 0.07890625 0.8430913348946136 0.1390625 0.3044496487119438
12 0.90234375 0.6885245901639344 0.15625 0.06791569086651054
12 0.94609375 0.6252927400468384 0.0875 0.11943793911007025
12 0.9328125 0.2189695550351288 0.1125 0.08196721311475409
12 0.94921875 0.14168618266978922 0.0796875 0.07259953161592506