13 0.37890625 0.8541176470588235 0.0765625 0.2917647058823529
13 0.4234375 0.8329411764705882 0.05625 0.33176470588235296
13 0.40625 0.7176470588235294 0.0359375 0.21411764705882352
13 0.36171875 0.7564705882352941 0.0421875 0.26588235294117646
22 0.4609375 0.5294117647058824 0.0953125 0.1011764705882353
48 0.80859375 0.4929411764705882 0.38125 0.9811764705882353
48 0.68359375 0.3270588235294118 0.196875 0.5270588235294118
48 0.184375 0.5635294117647058 0.36875 0.8494117647058823
78 0.58359375 0.7035294117647058 0.0484375 0.15764705882352942
78 0.6203125 0.6658823529411765 0.05 0.17411764705882352
78 0.47421875 0.6411764705882353 0.0390625 0.13647058823529412
78 0.5203125 0.6435294117647059 0.0390625 0.13647058823529412
78 0.54140625 0.6317647058823529 0.0328125 0.13411764705882354
78 0.37890625 0.6341176470588236 0.0390625 0.13647058823529412
78 0.434375 0.6376470588235295 0.03125 0.1411764705882353
26 0.45 0.8494117647058823 0.4234375 0.30117647058823527
78 0.41171875 0.6164705882352941 0.0453125 0.11058823529411765
78 0.5078125 0.5870588235294117 0.03125 0.08