13 0.5800653594771242 0.25735294117647056 0.09640522875816994 0.2761437908496732
22 0.6723856209150327 0.17401960784313725 0.27941176470588236 0.08660130718954248
26 0.9125816993464052 0.4338235294117647 0.11274509803921569 0.3366013071895425
26 0.5024509803921569 0.5849673202614379 0.8921568627450981 0.7320261437908496
25 0.6813725490196079 0.7483660130718954 0.16666666666666666 0.119281045751634
25 0.6266339869281046 0.3741830065359477 0.08660130718954248 0.11274509803921569
25 0.7165032679738562 0.238562091503268 0.06372549019607843 0.07026143790849673
61 0.8202614379084967 0.4599673202614379 0.2042483660130719 0.05392156862745098
45 0.44362745098039214 0.184640522875817 0.05392156862745098 0.04738562091503268
48 0.24673202614379086 0.1895424836601307 0.3627450980392157 0.32516339869281047
25 0.880718954248366 0.23447712418300654 0.0915032679738562 0.06372549019607843
25 0.8374183006535948 0.20179738562091504 0.07352941176470588 0.06535947712418301
31 0.8374183006535948 0.9060457516339869 0.23202614379084968 0.09477124183006536
31 0.8218954248366013 0.4387254901960784 0.22058823529411764 0.058823529411764705
61 0.14705882352941177 0.5196078431372549 0.0915032679738562 0.024509803921568627
61 0.7679738562091504 0.24673202614379086 0.03594771241830065 0.032679738562091505
14 0.3006535947712418 0.545751633986928 0.2173202614379085 0.16666666666666666
14 0.44199346405228757 0.4264705882352941 0.2679738562091503 0.14869281045751634
14 0.4803921568627451 0.630718954248366 0.184640522875817 0.1503267973856209
14 0.803921568627451 0.5269607843137255 0.16830065359477125 0.10947712418300654
14 0.5849673202614379 0.5171568627450981 0.27450980392156865 0.16339869281045752
14 0.49754901960784315 0.9428104575163399 0.23529411764705882 0.05555555555555555
14 0.11029411764705882 0.7058823529411765 0.15359477124183007 0.1503267973856209
14 0.7295751633986928 0.29820261437908496 0.10784313725490197 0.06209150326797386
14 0.625 0.3333333333333333 0.0784313725490196 0.027777777777777776
1 0.3562091503267974 0.1919934640522876 0.04411764705882353 0.032679738562091505
17 0.30310457516339867 0.8145424836601307 0.4411764705882353 0.30718954248366015
25 0.2565359477124183 0.4485294117647059 0.10947712418300654 0.07516339869281045
40 0.2312091503267974 0.39705882352941174 0.10620915032679738 0.017973856209150325
61 0.7532679738562091 0.9501633986928104 0.09803921568627451 0.032679738562091505
14 0.4215686274509804 0.21405228758169934 0.20751633986928106 0.10947712418300654