13 0.403 0.25075075075075076 0.094 0.35135135135135137
13 0.207 0.23123123123123124 0.104 0.42342342342342343
22 0.764 0.21021021021021022 0.066 0.1831831831831832
48 0.876 0.15915915915915915 0.246 0.3123123123123123
25 0.516 0.2672672672672673 0.098 0.24924924924924924
25 0.298 0.31981981981981983 0.128 0.26426426426426425
25 0.061 0.3483483483483483 0.108 0.27927927927927926
31 0.23 0.6321321321321322 0.412 0.0960960960960961
40 0.795 0.6261261261261262 0.41 0.08408408408408409
14 0.116 0.47147147147147145 0.086 0.1021021021021021
14 0.221 0.47297297297297297 0.086 0.10810810810810811
49 0.53 0.6651651651651652 0.686 0.5075075075075075
40 0.749 0.4114114114114114 0.064 0.07507507507507508
48 0.538 0.1831831831831832 0.432 0.3663663663663664
48 0.163 0.14264264264264265 0.326 0.2852852852852853
25 0.22 0.4744744744744745 0.088 0.10510510510510511
26 0.5 0.6366366366366366 1 0.6846846846846847
25 0.116 0.46846846846846846 0.082 0.1021021021021021