68 0.9296875 0.4810606060606061 0.0359375 0.13257575757575757
68 0.0890625 0.46875 0.0140625 0.03598484848484849
48 0.55859375 0.5492424242424242 0.25 0.5928030303030303
48 0.9328125 0.5340909090909091 0.134375 0.6212121212121212
48 0.0953125 0.6429924242424242 0.1734375 0.6060606060606061
40 0.446875 0.8484848484848485 0.0796875 0.14015151515151514
17 0.5203125 0.8825757575757576 0.2734375 0.14015151515151514
48 0.87109375 0.34375 0.05625 0.12121212121212122
48 0.62578125 0.4289772727272727 0.1359375 0.23106060606060605
26 0.53671875 0.9195075757575758 0.8921875 0.16098484848484848
48 0.7984375 0.6041666666666666 0.209375 0.4981060606060606
23 0.8390625 0.6818181818181818 0.0125 0.013257575757575758