3 0.10546875 0.34134615384615385 0.2078125 0.20673076923076922
3 0.15390625 0.5168269230769231 0.2671875 0.20432692307692307
3 0.1890625 0.21033653846153846 0.3078125 0.12980769230769232
3 0.32265625 0.5084134615384616 0.296875 0.5721153846153846
45 0.74453125 0.9326923076923077 0.1859375 0.10817307692307693
45 0.95390625 0.8677884615384616 0.0921875 0.2644230769230769
45 0.49609375 0.2920673076923077 0.2171875 0.31971153846153844
45 0.50078125 0.6538461538461539 0.128125 0.20673076923076922
45 0.18515625 0.9050480769230769 0.1796875 0.18990384615384615
45 0.11796875 0.4675480769230769 0.10625 0.08653846153846154
45 0.42265625 0.8137019230769231 0.0734375 0.14423076923076922
22 0.73359375 0.15384615384615385 0.4921875 0.3076923076923077