18 0.13984375 0.13883089770354906 0.2734375 0.2045929018789144
43 0.45078125 0.4906054279749478 0.5578125 0.9770354906054279
43 0.8 0.3444676409185804 0.2609375 0.5260960334029228
43 0.690625 0.17849686847599164 0.0765625 0.060542797494780795
48 0.38828125 0.12421711899791232 0.0875 0.22755741127348644
18 0.67109375 0.10020876826722339 0.071875 0.06889352818371608
48 0.70546875 0.1534446764091858 0.0671875 0.22338204592901878
22 0.94921875 0.31315240083507306 0.0765625 0.1941544885177453
48 0.54765625 0.060542797494780795 0.04375 0.060542797494780795
48 0.765625 0.10334029227557412 0.05625 0.1022964509394572
48 0.29765625 0.10542797494780794 0.0515625 0.11064718162839249
48 0.45 0.15970772442588727 0.0421875 0.21920668058455114
48 0.62421875 0.08977035490605428 0.0203125 0.06680584551148225
22 0.95 0.7755741127348643 0.1 0.31315240083507306
48 0.4921875 0.05010438413361169 0.05 0.07306889352818371
48 0.58984375 0.0720250521920668 0.021875 0.04384133611691023
48 0.03515625 0.1524008350730689 0.0609375 0.24008350730688935
18 0.2765625 0.10751565762004175 0.153125 0.10647181628392484
18 0.66171875 0.05219206680584551 0.0390625 0.027139874739039668
18 0.57890625 0.05323590814196242 0.0265625 0.018789144050104383
74 0.0014407109375 0.000396768267223382 0.0002435796875 0.0005441482254697287
48 0.04375 0.17849686847599164 0.0875 0.2045929018789144