62 0.2189922480620155 0.68671875 0.06395348837209303 0.0375
48 0.5968992248062015 0.5234375 0.5852713178294574 0.7453125
48 0.7713178294573644 0.29140625 0.27325581395348836 0.5828125
48 0.4738372093023256 0.13359375 0.2868217054263566 0.175
48 0.5474806201550387 0.01171875 0.1124031007751938 0.0234375
4 0.500968992248062 0.64609375 0.15891472868217055 0.2328125
48 0.15891472868217055 0.13125 0.2771317829457364 0.1953125
48 0.6191860465116279 0.096875 0.07945736434108527 0.10625
48 0.21608527131782945 0.05390625 0.15503875968992248 0.1078125
48 0.3333333333333333 0.1015625 0.18604651162790697 0.0875
35 0.41375968992248063 0.14296875 0.17248062015503876 0.0859375
48 0.37112403100775193 0.05234375 0.15891472868217055 0.1015625
35 0.06492248062015504 0.08828125 0.1298449612403101 0.1125