48 0.6569086651053864 0.82890625 0.30210772833723654 0.3375
39 0.29156908665105385 0.41640625 0.07259953161592506 0.115625
39 0.6288056206088993 0.35859375 0.02810304449648712 0.01875
39 0.16159250585480095 0.57421875 0.03044496487119438 0.0203125
39 0.5644028103044496 0.5625 0.03278688524590164 0.015625
39 0.08899297423887588 0.61796875 0.0234192037470726 0.0140625
39 0.7283372365339579 0.42578125 0.01873536299765808 0.0203125
39 0.19672131147540983 0.68671875 0.00702576112412178 0.0046875
18 0.13114754098360656 0.8265625 0.06323185011709602 0.0421875
39 0.5409836065573771 0.5578125 0.01639344262295082 0.0125
39 0.18149882903981265 0.76015625 0.07494145199063232 0.03125
39 0.5573770491803278 0.6046875 0.01639344262295082 0.0109375
48 0.4168618266978923 0.6921875 0.45901639344262296 0.5890625