76 0.72734375 0.3805620608899297 0.175 0.09133489461358314
76 0.78203125 0.4297423887587822 0.14375 0.07962529274004684
76 0.63984375 0.4637002341920375 0.08125 0.12177985948477751
18 0.478125 0.4672131147540984 0.0234375 0.02810304449648712
18 0.83671875 0.5128805620608899 0.0484375 0.0585480093676815
18 0.95859375 0.5304449648711944 0.0546875 0.0702576112412178
18 0.959375 0.4964871194379391 0.053125 0.03981264637002342
72 0.5890625 0.4262295081967213 0.00625 0.02810304449648712
48 0.6890625 0.6487119437939111 0.1125 0.46604215456674475
48 0.75078125 0.6147540983606558 0.078125 0.32084309133489464
48 0.3578125 0.48711943793911006 0.015625 0.12177985948477751
48 0.14921875 0.5175644028103045 0.0234375 0.09836065573770492
35 0.79140625 0.5679156908665105 0.05 0.14285714285714285
35 0.62890625 0.5796252927400468 0.0359375 0.05152224824355972
72 0.5515625 0.4379391100702576 0.009375 0.03278688524590164
48 0.80078125 0.6288056206088993 0.0703125 0.3325526932084309
18 0.32109375 0.4847775175644028 0.0390625 0.05620608899297424
8 0.109375 0.5362997658079626 0.0703125 0.07494145199063232
8 0.2921875 0.5140515222482436 0.0328125 0.07259953161592506
76 0.17421875 0.44730679156908665 0.025 0.01405152224824356
48 0.16953125 0.47892271662763464 0.0171875 0.0585480093676815
72 0.33515625 0.4098360655737705 0.0046875 0.01873536299765808
8 0.415625 0.5070257611241218 0.0296875 0.03981264637002342
48 0.63046875 0.6440281030444965 0.05 0.2693208430913349