11 0.5619369369369369 0.49921875 0.04504504504504504 0.0046875
11 0.8783783783783784 0.51875 0.04054054054054054 0.0109375
39 0.6801801801801802 0.41875 0.02702702702702703 0.028125
39 0.12725225225225226 0.4375 0.018018018018018018 0.01875
39 0.7263513513513513 0.7375 0.1891891891891892 0.0734375
39 0.3490990990990991 0.39765625 0.02702702702702703 0.034375
39 0.22184684684684686 0.42734375 0.02027027027027027 0.0203125
39 0.18130630630630631 0.44140625 0.02027027027027027 0.025
39 0.07432432432432433 0.40390625 0.02027027027027027 0.021875
39 0.6272522522522522 0.7828125 0.34684684684684686 0.1015625
39 0.41103603603603606 0.69296875 0.23423423423423423 0.0609375