68 0.70078125 0.24178403755868544 0.0296875 0.17370892018779344
68 0.4875 0.32981220657276994 0.01875 0.13615023474178403
41 0.528125 0.5246478873239436 0.115625 0.09389671361502347
12 0.47890625 0.7617370892018779 0.0640625 0.1431924882629108
12 0.50625 0.7723004694835681 0.0296875 0.10328638497652583
48 0.34296875 0.6103286384976526 0.3609375 0.755868544600939
48 0.11171875 0.6654929577464789 0.2203125 0.6244131455399061
48 0.46171875 0.323943661971831 0.1921875 0.31220657276995306
48 0.3578125 0.4025821596244131 0.065625 0.2934272300469484
48 0.6203125 0.36384976525821594 0.109375 0.5446009389671361
48 0.725 0.3779342723004695 0.1515625 0.7347417840375586
48 0.871875 0.3732394366197183 0.175 0.7136150234741784
48 0.95859375 0.323943661971831 0.08125 0.5070422535211268
48 0.546875 0.357981220657277 0.0703125 0.3004694835680751
68 0.875 0.2546948356807512 0.0421875 0.18309859154929578
22 0.5203125 0.8380281690140845 0.1625 0.31690140845070425
48 0.06484375 0.5035211267605634 0.1296875 0.4014084507042254
48 0.4265625 0.36032863849765256 0.078125 0.28169014084507044