18 0.965625 0.58515625 0.06666666666666667 0.028125
74 0.6479166666666667 0.5734375 0.13125 0.040625
72 0.39895833333333336 0.10625 0.15833333333333333 0.2125
48 0.5270833333333333 0.7671875 0.2520833333333333 0.4578125
48 0.22604166666666667 0.56015625 0.04375 0.05625
35 0.5822916666666667 0.8234375 0.06458333333333334 0.0796875
72 0.6083333333333333 0.296875 0.04583333333333333 0.071875
72 0.525 0.084375 0.09791666666666667 0.1671875
72 0.11145833333333334 0.4390625 0.029166666666666667 0.071875
72 0.509375 0.3015625 0.10208333333333333 0.065625
72 0.14479166666666668 0.49453125 0.022916666666666665 0.0171875