4 0.51484375 0.4098360655737705 0.0578125 0.15690866510538642
5 0.3546875 0.797423887587822 0.04375 0.06323185011709602
48 0.521875 0.6124121779859485 0.140625 0.5644028103044496
48 0.30234375 0.765807962529274 0.1453125 0.297423887587822
48 0.2109375 0.711943793911007 0.1359375 0.4028103044496487
48 0.246875 0.2646370023419204 0.1640625 0.1920374707259953
22 0.7671875 0.20960187353629978 0.0734375 0.1686182669789227
48 0.68125 0.18618266978922718 0.0671875 0.17096018735362997
48 0.02265625 0.28688524590163933 0.04375 0.11475409836065574
48 0.1140625 0.20843091334894615 0.0625 0.22716627634660422
48 0.31171875 0.23653395784543327 0.09375 0.16159250585480095
48 0.8328125 0.0936768149882904 0.053125 0.06557377049180328
48 0.6078125 0.1920374707259953 0.0796875 0.17096018735362997
48 0.44140625 0.18384074941451992 0.08125 0.2154566744730679
8 0.10546875 0.29508196721311475 0.13125 0.03044496487119438
48 0.28515625 0.1955503512880562 0.0484375 0.15456674473067916
48 0.46953125 0.1405152224824356 0.0125 0.02576112412177986