16 0.2046875 0.43125 0.11875 0.275
16 0.94765625 0.46041666666666664 0.1 0.9166666666666666
48 0.0625 0.59375 0.0734375 0.2125
48 0.0234375 0.6041666666666666 0.046875 0.2125
48 0.075 0.5145833333333333 0.0359375 0.06875
74 0.55859375 0.55625 0.6765625 0.7354166666666667
72 0.1359375 0.3020833333333333 0.0421875 0.1375
72 0.16953125 0.27395833333333336 0.0625 0.2
43 0.07578125 0.5541666666666667 0.0328125 0.07083333333333333
16 0.103125 0.41458333333333336 0.0375 0.08333333333333333
72 0.0234375 0.39166666666666666 0.015625 0.058333333333333334
48 0.36796875 0.44166666666666665 0.08125 0.10416666666666667
18 0.07578125 0.5083333333333333 0.0921875 0.10625
18 0.02421875 0.5020833333333333 0.0484375 0.075
72 0.00625 0.39479166666666665 0.0125 0.07291666666666667