27 0.30078125 0.6208333333333333 0.0859375 0.18333333333333332
18 0.94453125 0.340625 0.0234375 0.014583333333333334
32 0.45390625 0.7552083333333334 0.053125 0.027083333333333334
32 0.15546875 0.7135416666666666 0.05625 0.05625
48 0.196875 0.5822916666666667 0.134375 0.32083333333333336
48 0.5375 0.6729166666666667 0.325 0.23125
48 0.55 0.5260416666666666 0.1 0.28541666666666665
48 0.815625 0.5958333333333333 0.13125 0.4083333333333333
48 0.7203125 0.5708333333333333 0.096875 0.38958333333333334
48 0.5171875 0.346875 0.0984375 0.22708333333333333
48 0.33671875 0.45416666666666666 0.121875 0.44583333333333336
48 0.390625 0.5520833333333334 0.1203125 0.29375
48 0.46875 0.5229166666666667 0.0984375 0.3020833333333333
48 0.62578125 0.5770833333333333 0.0953125 0.32083333333333336
48 0.72734375 0.3645833333333333 0.09375 0.23125
48 0.6578125 0.4239583333333333 0.0765625 0.3229166666666667
48 0.5953125 0.3458333333333333 0.1078125 0.21875