49 0.77890625 0.370757180156658 0.3265625 0.4725848563968668
49 0.478125 0.1866840731070496 0.265625 0.3733681462140992
19 0.6171875 0.5900783289817232 0.1375 0.17493472584856398
17 0.35390625 0.7976501305483029 0.084375 0.14882506527415143
48 0.08203125 0.381201044386423 0.1640625 0.38903394255874674
17 0.47109375 0.7101827676240209 0.08125 0.13577023498694518
17 0.446875 0.8681462140992167 0.0890625 0.14882506527415143
17 0.4265625 0.7845953002610966 0.071875 0.09399477806788512
17 0.3765625 0.6657963446475196 0.08125 0.13315926892950392
14 0.29609375 0.3785900783289817 0.0984375 0.15926892950391644
14 0.4375 0.45822454308093996 0.2484375 0.31592689295039167