28 0.7924836601307189 0.7728758169934641 0.19281045751633988 0.16666666666666666
28 0.8513071895424836 0.9084967320261438 0.24019607843137256 0.12418300653594772
28 0.6127450980392157 0.7679738562091504 0.1715686274509804 0.14869281045751634
28 0.6168300653594772 0.9084967320261438 0.22058823529411764 0.15522875816993464
28 0.4583333333333333 0.6642156862745098 0.15359477124183007 0.10457516339869281
28 0.30392156862745096 0.6454248366013072 0.15522875816993464 0.09803921568627451
28 0.27532679738562094 0.75 0.18137254901960784 0.14869281045751634
28 0.4387254901960784 0.7785947712418301 0.184640522875817 0.15196078431372548
28 0.38643790849673204 0.9101307189542484 0.24509803921568626 0.14215686274509803
28 0.16993464052287582 0.8946078431372549 0.24509803921568626 0.17647058823529413
28 0.6029411764705882 0.6650326797385621 0.1503267973856209 0.09313725490196079
28 0.7450980392156863 0.6658496732026143 0.15849673202614378 0.10947712418300654