7 0.5828125 0.6247058823529412 0.4703125 0.49176470588235294
7 0.74609375 0.7729411764705882 0.503125 0.4235294117647059
13 0.071875 0.5964705882352941 0.0234375 0.05176470588235294
13 0.12265625 0.5576470588235294 0.0203125 0.03529411764705882
25 0.14609375 0.5988235294117648 0.015625 0.04
22 0.31328125 0.6376470588235295 0.084375 0.1811764705882353
22 0.478125 0.5611764705882353 0.0609375 0.03529411764705882
22 0.21640625 0.6576470588235294 0.03125 0.2164705882352941
75 0.07578125 0.3835294117647059 0.0453125 0.2541176470588235
12 0.72109375 0.7717647058823529 0.065625 0.03764705882352941
64 0.8609375 0.6964705882352941 0.2640625 0.13411764705882354
13 0.11640625 0.5094117647058823 0.0171875 0.05411764705882353
13 0.08515625 0.5552941176470588 0.021875 0.07764705882352942
2 0.68203125 0.6764705882352942 0.0484375 0.04