74 0.8859375 0.39953271028037385 0.10625 0.0911214953271028
48 0.18515625 0.5607476635514018 0.1796875 0.6121495327102804
48 0.725 0.433411214953271 0.0109375 0.04205607476635514
48 0.7546875 0.4322429906542056 0.015625 0.037383177570093455
48 0.56171875 0.5467289719626168 0.19375 0.7967289719626168
48 0.9453125 0.4100467289719626 0.0109375 0.056074766355140186
48 0.9671875 0.3855140186915888 0.0140625 0.02570093457943925
48 0.7171875 0.441588785046729 0.00625 0.02336448598130841
48 0.746875 0.4357476635514019 0.00625 0.018691588785046728
48 0.4734375 0.48598130841121495 0.0296875 0.18691588785046728
2 0.37890625 0.4135514018691589 0.1953125 0.3364485981308411
64 0.0011552859375 0.0017772850467289718 0.0003710203125 0.0011183294392523365
18 0.9734375 0.4088785046728972 0.053125 0.06074766355140187
35 0.55234375 0.32009345794392524 0.0890625 0.13317757009345793
48 0.0359375 0.5245327102803738 0.03125 0.16355140186915887
48 0.6546875 0.44042056074766356 0.0140625 0.037383177570093455
48 0.35234375 0.5689252336448598 0.1703125 0.7523364485981309
48 0.690625 0.4357476635514019 0.0140625 0.04205607476635514