50 0.8016359918200409 0.14375 0.24539877300613497 0.275
22 0.7791411042944786 0.7171875 0.44171779141104295 0.55625
48 0.09611451942740286 0.48359375 0.19222903885480572 0.3625
35 0.278118609406953 0.853125 0.5501022494887525 0.2625
12 0.9867075664621677 0.246875 0.016359918200409 0.0765625
12 0.8834355828220859 0.24609375 0.028629856850715747 0.0703125
7 0.3149284253578732 0.8546875 0.6298568507157464 0.290625
22 0.13190184049079753 0.575 0.19427402862985685 0.1484375
12 0.14519427402862986 0.8453125 0.06134969325153374 0.0671875
12 0.9171779141104295 0.24609375 0.04294478527607362 0.071875
41 0.13803680981595093 0.72265625 0.27607361963190186 0.1625