10 0.55390625 0.4203747072599532 0.0296875 0.03747072599531616
10 0.278125 0.23536299765807964 0.0640625 0.03981264637002342
10 0.909375 0.3185011709601874 0.05625 0.07962529274004684
10 0.65 0.18501170960187355 0.0484375 0.06323185011709602
10 0.75234375 0.24707259953161592 0.040625 0.08196721311475409
10 0.65234375 0.30679156908665106 0.084375 0.06323185011709602
10 0.865625 0.1288056206088993 0.059375 0.04215456674473068
10 0.76796875 0.35362997658079626 0.0453125 0.0585480093676815
10 0.4609375 0.5562060889929742 0.0671875 0.0468384074941452
10 0.53828125 0.405152224824356 0.0640625 0.07728337236533958
22 0.35078125 0.7622950819672131 0.0765625 0.14754098360655737
22 0.8125 0.7646370023419203 0.0921875 0.15690866510538642
22 0.28046875 0.7669789227166276 0.0796875 0.14988290398126464
76 0.57890625 0.6533957845433255 0.2984375 0.24121779859484777
76 0.8671875 0.6217798594847775 0.18125 0.14285714285714285
76 0.728125 0.6135831381733021 0.1921875 0.14754098360655737
76 0.32890625 0.6053864168618267 0.2140625 0.1288056206088993
76 0.1375 0.639344262295082 0.2203125 0.1990632318501171
76 0.02734375 0.6264637002341921 0.053125 0.1358313817330211
22 0.06953125 0.7915690866510539 0.0859375 0.18032786885245902
22 0.5046875 0.832552693208431 0.09375 0.19437939110070257
22 0.60078125 0.8290398126463701 0.1046875 0.20608899297423888
22 0.67421875 0.7915690866510539 0.0671875 0.17096018735362997
10 0.375 0.5175644028103045 0.0625 0.01405152224824356
22 0.7328125 0.788056206088993 0.084375 0.17096018735362997
22 0.178125 0.7927400468384075 0.0890625 0.17798594847775176
22 0.01796875 0.8313817330210773 0.034375 0.22014051522248243
10 0.63984375 0.351288056206089 0.0703125 0.03747072599531616