51 0.979 0.6026666666666667 0.042 0.416
66 0.213 0.2 0.224 0.2693333333333333
66 0.603 0.7333333333333333 0.184 0.11733333333333333
66 0.435 0.39066666666666666 0.082 0.12533333333333332
51 0.946 0.604 0.066 0.3973333333333333
51 0.436 0.6173333333333333 0.028 0.30666666666666664
51 0.908 0.6093333333333333 0.042 0.352
51 0.865 0.5853333333333334 0.042 0.288
51 0.495 0.5906666666666667 0.016 0.21066666666666667
51 0.36 0.6613333333333333 0.038 0.4613333333333333
51 0.415 0.636 0.036 0.3546666666666667
66 0.443 0.38 0.026 0.058666666666666666
66 0.342 0.316 0.136 0.21866666666666668
66 0.388 0.34 0.08 0.18666666666666668
66 0.455 0.4066666666666667 0.048 0.10133333333333333
66 0.473 0.424 0.022 0.09066666666666667
66 0.498 0.43866666666666665 0.02 0.06666666666666667
66 0.508 0.4493333333333333 0.016 0.06133333333333333
66 0.288 0.2786666666666667 0.036 0.037333333333333336
66 0.483 0.42533333333333334 0.026 0.096
49 0.872 0.32266666666666666 0.122 0.08533333333333333
66 0.961 0.2733333333333333 0.058 0.192