61 0.084375 0.284037558685446 0.165625 0.49295774647887325
14 0.34921875 0.5011737089201878 0.6984375 0.9976525821596244
14 0.721875 0.3227699530516432 0.55625 0.636150234741784
13 0.796875 0.6291079812206573 0.40625 0.7417840375586855
3 0.165625 0.6103286384976526 0.1765625 0.176056338028169
3 0.03984375 0.42488262910798125 0.0796875 0.19248826291079812
26 0.61328125 0.49413145539906106 0.76875 0.9788732394366197
3 0.35390625 0.465962441314554 0.175 0.19953051643192488
3 0.3078125 0.596244131455399 0.1203125 0.1643192488262911
3 0.7109375 0.13028169014084506 0.1421875 0.16666666666666666
3 0.45 0.8016431924882629 0.1640625 0.09624413145539906
28 0.7140625 0.12441314553990611 0.134375 0.17370892018779344
28 0.575 0.07511737089201878 0.1140625 0.15023474178403756
28 0.3515625 0.4424882629107981 0.1765625 0.1784037558685446
28 0.30703125 0.5856807511737089 0.0828125 0.14553990610328638
3 0.78046875 0.23708920187793428 0.059375 0.09154929577464789