50 0.1796875 0.8840749414519906 0.1859375 0.18266978922716628
50 0.2046875 0.5784543325526932 0.36875 0.6627634660421545
16 0.546875 0.5187353629976581 0.3 0.4309133489461358
48 0.7078125 0.5796252927400468 0.028125 0.10304449648711944
48 0.709375 0.6592505854800936 0.0234375 0.12646370023419204
48 0.73046875 0.6545667447306791 0.021875 0.1288056206088993
48 0.540625 0.39227166276346603 0.03125 0.04918032786885246
48 0.77109375 0.6217798594847775 0.0296875 0.1592505854800937
48 0.80703125 0.6100702576112412 0.0390625 0.13114754098360656
48 0.7859375 0.5679156908665105 0.0125 0.08196721311475409
48 0.83359375 0.5983606557377049 0.0390625 0.15456674473067916
48 0.7234375 0.5644028103044496 0.0125 0.0585480093676815
48 0.89296875 0.6100702576112412 0.0296875 0.16627634660421545
48 0.91484375 0.6030444964871194 0.028125 0.17330210772833723
48 0.54375 0.5644028103044496 0.0453125 0.06557377049180328
8 0.93671875 0.6498829039812647 0.0671875 0.08665105386416862
48 0.95859375 0.5163934426229508 0.01875 0.04918032786885246