48 0.78671875 0.371875 0.175 0.2875
25 0.31640625 0.5239583333333333 0.059375 0.16458333333333333
49 0.42109375 0.353125 0.1421875 0.36875
49 0.74375 0.7927083333333333 0.509375 0.3875
49 0.24296875 0.8666666666666667 0.48125 0.23541666666666666
49 0.27421875 0.6802083333333333 0.5484375 0.20416666666666666
48 0.88984375 0.371875 0.0953125 0.14791666666666667
48 0.26171875 0.34270833333333334 0.0796875 0.32083333333333336
25 0.17578125 0.5479166666666667 0.0703125 0.17708333333333334
25 0.95078125 0.42604166666666665 0.0296875 0.05
25 0.98046875 0.48541666666666666 0.03125 0.04791666666666667
25 0.87578125 0.4510416666666667 0.034375 0.09166666666666666
75 0.17578125 0.11770833333333333 0.0484375 0.04375
21 0.0859375 0.521875 0.0984375 0.058333333333333334
23 0.565625 0.5697916666666667 0.0125 0.016666666666666666
23 0.97109375 0.14583333333333334 0.0578125 0.08541666666666667
23 0.678125 0.33645833333333336 0.06875 0.11041666666666666
48 0.50859375 0.36770833333333336 0.371875 0.4583333333333333
48 0.078125 0.4239583333333333 0.15625 0.49166666666666664
48 0.09375 0.33645833333333336 0.0984375 0.33125
25 0.91015625 0.440625 0.03125 0.08125
22 0.26328125 0.471875 0.0671875 0.26666666666666666
22 0.796875 0.5489583333333333 0.20625 0.16666666666666666
22 0.41015625 0.5416666666666666 0.0734375 0.1
26 0.94609375 0.509375 0.1078125 0.11041666666666666