22 0.304 0.509009009009009 0.024 0.04804804804804805
22 0.129 0.37987987987987987 0.016 0.03903903903903904
48 0.428 0.7627627627627628 0.102 0.27927927927927926
8 0.208 0.6816816816816816 0.344 0.14714714714714713
8 0.088 0.6531531531531531 0.17 0.15015015015015015
39 0.473 0.44594594594594594 0.152 0.1891891891891892
22 0.128 0.5165165165165165 0.022 0.042042042042042045
22 0.355 0.36786786786786785 0.028 0.06006006006006006
22 0.191 0.3768768768768769 0.014 0.04504504504504504
22 0.184 0.5165165165165165 0.02 0.042042042042042045
22 0.35 0.5105105105105106 0.022 0.036036036036036036
22 0.483 0.37537537537537535 0.018 0.036036036036036036
22 0.299 0.3738738738738739 0.028 0.04504504504504504