48 0.896875 0.5633802816901409 0.20625 0.8732394366197183
48 0.471875 0.49061032863849763 0.084375 0.1807511737089202
48 0.7 0.5586854460093896 0.075 0.31690140845070425
48 0.8109375 0.5938967136150235 0.075 0.42018779342723006
48 0.36875 0.5187793427230047 0.0609375 0.19014084507042253
48 0.21328125 0.4988262910798122 0.11875 0.2605633802816901
48 0.45546875 0.5669014084507042 0.0671875 0.13145539906103287
2 0.6953125 0.48708920187793425 0.0453125 0.09154929577464789
2 0.73984375 0.5152582159624414 0.01875 0.06807511737089202
48 0.5421875 0.5363849765258216 0.0578125 0.22065727699530516
48 0.78984375 0.47300469483568075 0.0390625 0.09859154929577464
48 0.3359375 0.4612676056338028 0.015625 0.04225352112676056
48 0.321875 0.49765258215962443 0.0390625 0.09859154929577464
2 0.25078125 0.5105633802816901 0.0421875 0.07981220657276995
2 0.57421875 0.6279342723004695 0.0625 0.07746478873239436
64 0.70859375 0.9307511737089202 0.1 0.13615023474178403
64 0.66796875 0.7969483568075117 0.096875 0.17136150234741784
48 0.4046875 0.6807511737089202 0.0734375 0.4154929577464789
64 0.000947265625 0.0021846150234741783 0.0001714359375 0.0003256079812206573
64 0.75625 0.6619718309859155 0.0859375 0.176056338028169
64 0.46953125 0.9706572769953051 0.2125 0.05868544600938967
64 0.48828125 0.852112676056338 0.1125 0.21830985915492956
64 0.64140625 0.5387323943661971 0.0234375 0.07276995305164319
64 0.6234375 0.8403755868544601 0.071875 0.07981220657276995
64 0.6046875 0.7922535211267606 0.028125 0.11737089201877934
64 0.68515625 0.6619718309859155 0.0296875 0.11502347417840375
64 0.60390625 0.6185446009389671 0.05 0.09389671361502347
48 0.27578125 0.5751173708920188 0.1 0.2300469483568075