48 0.88828125 0.7797202797202797 0.09375 0.2097902097902098
48 0.34609375 0.7610722610722611 0.04375 0.1445221445221445
48 0.7125 0.6631701631701632 0.0296875 0.0979020979020979
48 0.5 0.5034965034965035 0.35625 0.5710955710955711
57 0.43359375 0.7074592074592074 0.15625 0.2703962703962704
35 0.9171875 0.796037296037296 0.0140625 0.05128205128205128
35 0.68515625 0.6503496503496503 0.0140625 0.027972027972027972
35 0.69453125 0.6946386946386947 0.0171875 0.016317016317016316
48 0.6875 0.6655011655011654 0.0359375 0.13752913752913754
48 0.85 0.5606060606060606 0.03125 0.07692307692307693
48 0.68671875 0.6072261072261073 0.0296875 0.07226107226107226