72 0.46875 0.5322916666666667 0.075 0.1125
18 0.753125 0.7604166666666666 0.0671875 0.06041666666666667
18 0.67890625 0.7666666666666667 0.046875 0.05
18 0.60234375 0.7635416666666667 0.08125 0.07291666666666667
18 0.54296875 0.7708333333333334 0.0578125 0.052083333333333336
18 0.78203125 0.7552083333333334 0.053125 0.06666666666666667
18 0.8171875 0.75625 0.028125 0.052083333333333336
18 0.8421875 0.7572916666666667 0.0265625 0.03958333333333333
18 0.98203125 0.896875 0.0359375 0.20625
18 0.91328125 0.75 0.021875 0.020833333333333332
18 0.7125 0.75625 0.0453125 0.05416666666666667
18 0.859375 0.7520833333333333 0.034375 0.0375
18 0.89765625 0.7510416666666667 0.01875 0.029166666666666667