48 0.65 0.5585480093676815 0.0515625 0.23653395784543327
48 0.50546875 0.5292740046838408 0.0328125 0.14285714285714285
48 0.47109375 0.5187353629976581 0.028125 0.1053864168618267
48 0.16171875 0.5608899297423887 0.0515625 0.23653395784543327
48 0.32578125 0.5081967213114754 0.0375 0.11007025761124122
48 0.6265625 0.5117096018735363 0.0265625 0.07962529274004684
48 0.5296875 0.5128805620608899 0.009375 0.00936768149882904
48 0.0375 0.7037470725995316 0.075 0.1920374707259953
48 0.20546875 0.5491803278688525 0.021875 0.0351288056206089
48 0.93515625 0.5152224824355972 0.0078125 0.02810304449648712
39 0.9546875 0.3126463700234192 0.0640625 0.1288056206088993
39 0.89765625 0.35362997658079626 0.021875 0.03981264637002342
39 0.228125 0.07611241217798595 0.0203125 0.04449648711943794
39 0.21015625 0.4496487119437939 0.2890625 0.405152224824356
39 0.54375 0.7365339578454333 0.5625 0.18266978922716628
39 0.88515625 0.7131147540983607 0.184375 0.12412177985948478
39 0.746875 0.6522248243559718 0.1296875 0.13817330210772832
39 0.53671875 0.6451990632318502 0.2 0.15456674473067916
48 0.30078125 0.4929742388758782 0.0265625 0.08665105386416862
48 0.80625 0.5374707259953162 0.0046875 0.02107728337236534
39 0.3765625 0.49414519906323184 0.1109375 0.19437939110070257
39 0.6890625 0.3548009367681499 0.025 0.03747072599531616
39 0.4484375 0.4063231850117096 0.009375 0.01873536299765808
39 0.3890625 0.41569086651053866 0.009375 0.01639344262295082
39 0.13984375 0.8770491803278688 0.2796875 0.2459016393442623