18 0.0390625 0.6721311475409836 0.059375 0.0351288056206089
18 0.20234375 0.6791569086651054 0.0875 0.03044496487119438
18 0.7296875 0.6838407494145199 0.0796875 0.0585480093676815
48 0.57265625 0.6990632318501171 0.065625 0.22716627634660422
48 0.684375 0.702576112412178 0.0359375 0.17330210772833723
48 0.50625 0.6943793911007026 0.034375 0.22716627634660422
48 0.71171875 0.7037470725995316 0.0375 0.12177985948477751
48 0.52890625 0.6873536299765808 0.0453125 0.24355971896955503
48 0.47265625 0.7049180327868853 0.0171875 0.1053864168618267
48 0.45546875 0.7072599531615925 0.01875 0.1053864168618267
48 0.4203125 0.7037470725995316 0.025 0.10304449648711944
48 0.38125 0.7037470725995316 0.01875 0.1053864168618267
48 0.3203125 0.7096018735362998 0.0171875 0.09601873536299765
39 0.25078125 0.2728337236533958 0.1546875 0.18266978922716628
39 0.21875 0.35362997658079626 0.2546875 0.16393442622950818
39 0.2828125 0.47540983606557374 0.2421875 0.14988290398126464
39 0.39921875 0.7295081967213115 0.0296875 0.04449648711943794
48 0.61640625 0.702576112412178 0.015625 0.11475409836065574
2 0.075 0.6791569086651054 0.015625 0.04215456674473068
48 0.3984375 0.6850117096018735 0.028125 0.07259953161592506
48 0.65390625 0.7037470725995316 0.0390625 0.21779859484777517