22 0.46796875 0.6320754716981132 0.06875 0.11556603773584906
22 0.53828125 0.5872641509433962 0.040625 0.09905660377358491
22 0.61640625 0.6202830188679245 0.0703125 0.1509433962264151
22 0.571875 0.6037735849056604 0.0375 0.125
26 0.303125 0.8620283018867925 0.60625 0.25471698113207547
48 0.7546875 0.5483490566037735 0.4875 0.8820754716981132
48 0.22265625 0.5224056603773585 0.409375 0.4528301886792453
25 0.47421875 0.7488207547169812 0.121875 0.1391509433962264
31 0.11953125 0.9056603773584906 0.034375 0.16273584905660377
14 0.12265625 0.6757075471698113 0.125 0.12971698113207547
28 0.48125 0.8856132075471698 0.14375 0.13679245283018868
28 0.259375 0.7558962264150944 0.1015625 0.08254716981132075
48 0.74921875 0.5318396226415094 0.0390625 0.08962264150943396
26 0.69453125 0.6580188679245284 0.1296875 0.1792452830188679
26 0.58046875 0.5577830188679245 0.0484375 0.01179245283018868
26 0.61171875 0.5400943396226415 0.0453125 0.02122641509433962
12 0.5953125 0.5023584905660378 0.025 0.014150943396226415
12 0.57421875 0.5023584905660378 0.0015625 0.014150943396226415
12 0.59453125 0.4669811320754717 0.0234375 0.014150943396226415
12 0.43671875 0.5 0.01875 0.014150943396226415
12 0.09921875 0.5660377358490566 0.003125 0.025943396226415096
12 0.5203125 0.49528301886792453 0.009375 0.02122641509433962
12 0.1359375 0.5660377358490566 0.025 0.025943396226415096
12 0.43671875 0.5259433962264151 0.01875 0.03537735849056604
12 0.10390625 0.5648584905660378 0.003125 0.025943396226415096
48 0.590625 0.5294811320754716 0.0234375 0.04716981132075472
31 0.1625 0.7688679245283019 0.1 0.02122641509433962
31 0.00021792031250000003 0.002312573113207547 0.0000705078125 0.0000918372641509434
28 0.278125 0.8573113207547169 0.1140625 0.10849056603773585
28 0.025 0.9304245283018868 0.05 0.09433962264150944
22 0.740625 0.5943396226415094 0.03125 0.12028301886792453
22 0.70859375 0.5919811320754716 0.028125 0.09669811320754718
22 0.66328125 0.5448113207547169 0.028125 0.02358490566037736
22 0.18046875 0.7110849056603774 0.03125 0.0589622641509434
22 0.65703125 0.6426886792452831 0.078125 0.18867924528301888
22 0.51796875 0.5825471698113207 0.025 0.08726415094339622