36 0.415625 0.925 0.3046875 0.12083333333333333
36 0.6046875 0.9125 0.25625 0.175
9 0.16328125 0.7958333333333333 0.0328125 0.06041666666666667
18 0.47734375 0.78125 0.1484375 0.17291666666666666
18 0.0984375 0.875 0.196875 0.24583333333333332
18 0.53359375 0.728125 0.0421875 0.058333333333333334
43 0.67265625 0.7729166666666667 0.05 0.1
9 0.31484375 0.753125 0.0171875 0.052083333333333336
18 0.325 0.734375 0.1203125 0.05416666666666667
48 0.63515625 0.7104166666666667 0.021875 0.027083333333333334
48 0.16953125 0.7729166666666667 0.0375 0.15
48 0.31484375 0.7291666666666666 0.025 0.075
48 0.89765625 0.7989583333333333 0.0328125 0.13958333333333334
48 0.6953125 0.7010416666666667 0.0265625 0.05
9 0.571875 0.740625 0.0109375 0.029166666666666667
48 0.571875 0.7208333333333333 0.01875 0.052083333333333336
9 0.59140625 0.7291666666666666 0.0140625 0.0375
9 0.3984375 0.7416666666666667 0.0140625 0.029166666666666667
18 0.5609375 0.7302083333333333 0.015625 0.035416666666666666
48 0.11796875 0.73125 0.040625 0.05416666666666667
48 0.59609375 0.7104166666666667 0.0109375 0.014583333333333334
18 0.50703125 0.709375 0.0125 0.008333333333333333
18 0.4234375 0.7364583333333333 0.0265625 0.029166666666666667
74 0.790625 0.828125 0.2375 0.2604166666666667