48 0.62421875 0.3784648187633262 0.0984375 0.17270788912579957
48 0.234375 0.337953091684435 0.0609375 0.3859275053304904
48 0.5703125 0.3646055437100213 0.0921875 0.15565031982942432
48 0.57890625 0.2484008528784648 0.078125 0.18976545842217485
48 0.625 0.24093816631130063 0.0609375 0.2302771855010661
48 0.48125 0.3347547974413646 0.1265625 0.36673773987206826
48 0.35 0.302771855010661 0.071875 0.3603411513859275
48 0.28671875 0.32196162046908317 0.078125 0.3795309168443497
48 0.29375 0.13752665245202558 0.021875 0.029850746268656716
48 0.2203125 0.16417910447761194 0.0265625 0.046908315565031986
48 0.72421875 0.43390191897654584 0.18125 0.21535181236673773
48 0.20234375 0.2260127931769723 0.0140625 0.03411513859275053
11 0.5625 0.43710021321961623 0.5109375 0.8699360341151386
48 0.25078125 0.14285714285714285 0.0265625 0.02771855010660981