5 0.5890625 0.7677345537757437 0.0328125 0.057208237986270026
48 0.40703125 0.7517162471395881 0.1609375 0.3112128146453089
48 0.7578125 0.7894736842105263 0.121875 0.2791762013729977
48 0.3015625 0.5663615560640732 0.04375 0.15560640732265446
48 0.040625 0.5446224256292906 0.0375 0.13958810068649885
48 0.9015625 0.5194508009153318 0.0296875 0.04805491990846682
48 0.91484375 0.4988558352402746 0.0203125 0.04805491990846682
48 0.56484375 0.5434782608695652 0.021875 0.036613272311212815
48 0.11015625 0.36270022883295194 0.0140625 0.02745995423340961
48 0.33046875 0.4267734553775744 0.0140625 0.02517162471395881
48 0.846875 0.5263157894736842 0.028125 0.04576659038901602
48 0.6515625 0.8066361556064073 0.153125 0.20594965675057209
48 0.253125 0.494279176201373 0.0171875 0.041189931350114416