60 0.55546875 0.6208333333333333 0.8890625 0.6770833333333334
48 0.18203125 0.76875 0.3640625 0.4395833333333333
48 0.54453125 0.5302083333333333 0.240625 0.3958333333333333
48 0.85546875 0.38958333333333334 0.196875 0.26666666666666666
48 0.4265625 0.6104166666666667 0.4078125 0.5333333333333333
48 0.584375 0.4166666666666667 0.125 0.26666666666666666
25 0.82890625 0.5416666666666666 0.03125 0.06458333333333334
25 0.74140625 0.640625 0.034375 0.09583333333333334
52 0.40859375 0.5364583333333334 0.03125 0.029166666666666667
52 0.81875 0.6072916666666667 0.0625 0.0375
25 0.75234375 0.5270833333333333 0.03125 0.075
25 0.79375 0.546875 0.034375 0.06666666666666667
22 0.21953125 0.375 0.1046875 0.1375
22 0.2359375 0.7229166666666667 0.471875 0.5541666666666667
75 0.04296875 0.30520833333333336 0.0859375 0.0875
52 0.6 0.5364583333333334 0.01875 0.016666666666666666
21 0.6828125 0.7489583333333333 0.040625 0.04583333333333333
12 0.38046875 0.30833333333333335 0.0234375 0.0875
12 0.4296875 0.21875 0.0375 0.06458333333333334
12 0.37578125 0.30520833333333336 0.025 0.08541666666666667
12 0.46953125 0.30104166666666665 0.00625 0.06458333333333334
12 0.390625 0.23125 0.05625 0.020833333333333332
12 0.43359375 0.221875 0.0359375 0.07083333333333333
12 0.40859375 0.340625 0.0234375 0.014583333333333334
12 0.46640625 0.3020833333333333 0.00625 0.06666666666666667
12 0.45 0.20833333333333334 0.0171875 0.0875
12 0.459375 0.3 0.0078125 0.06458333333333334
12 0.3953125 0.31354166666666666 0.0140625 0.06041666666666667
12 0.2140625 0.3614583333333333 0.0546875 0.027083333333333334
52 0.603125 0.465625 0.0265625 0.025
52 0.77890625 0.640625 0.0484375 0.020833333333333332