13 0.39296875 0.41041666666666665 0.0625 0.19166666666666668
13 0.62109375 0.35520833333333335 0.0515625 0.16875
13 0.18515625 0.16666666666666666 0.04375 0.13125
22 0.05546875 0.434375 0.09375 0.14166666666666666
22 0.3578125 0.3770833333333333 0.2015625 0.15625
26 0.309375 0.578125 0.60625 0.41458333333333336
37 0.36640625 0.6104166666666667 0.115625 0.08958333333333333
37 0.190625 0.6072916666666667 0.109375 0.09583333333333334
37 0.2359375 0.5916666666666667 0.09375 0.09375
37 0.4609375 0.5114583333333333 0.0953125 0.0375
37 0.30546875 0.5458333333333333 0.1 0.05
37 0.3421875 0.5385416666666667 0.090625 0.04583333333333333
37 0.39609375 0.5958333333333333 0.0984375 0.07708333333333334
37 0.4421875 0.58125 0.1140625 0.08541666666666667
37 0.4875 0.5708333333333333 0.0953125 0.09166666666666666
37 0.4171875 0.5979166666666667 0.090625 0.08333333333333333
48 0.56796875 0.5041666666666667 0.8640625 0.9875
48 0.26171875 0.24375 0.31875 0.4875
48 0.52265625 0.20520833333333333 0.1375 0.40208333333333335
48 0.7390625 0.19895833333333332 0.3921875 0.38333333333333336
35 0.96953125 0.2864583333333333 0.053125 0.1625
37 0.271875 0.578125 0.0828125 0.08333333333333333
22 0.8671875 0.925 0.265625 0.12708333333333333
22 0.34765625 0.8125 0.178125 0.15416666666666667
26 0.0828125 0.290625 0.1578125 0.15625
48 0.059375 0.759375 0.11875 0.45416666666666666
48 0.12734375 0.1125 0.0796875 0.21458333333333332
48 0.19453125 0.06979166666666667 0.1171875 0.13958333333333334
48 0.95390625 0.20729166666666668 0.0921875 0.41458333333333336
48 0.03984375 0.10833333333333334 0.078125 0.21458333333333332
48 0.4328125 0.20208333333333334 0.075 0.37083333333333335
48 0.42890625 0.19895833333333332 0.0484375 0.20625
48 0.01640625 0.2625 0.0265625 0.14375
13 0.05859375 0.17291666666666666 0.0328125 0.12916666666666668
37 0.51328125 0.540625 0.0671875 0.04583333333333333
37 0.36796875 0.5302083333333333 0.0859375 0.04583333333333333