48 0.9123831775700935 0.77578125 0.08177570093457943 0.1625
48 0.9661214953271028 0.7734375 0.06775700934579439 0.1578125
48 0.8457943925233645 0.77734375 0.08644859813084112 0.1484375
48 0.8212616822429907 0.7125 0.028037383177570093 0.0375
72 0.4485981308411215 0.29375 0.053738317757009345 0.1
72 0.6834112149532711 0.546875 0.05841121495327103 0.1
72 0.5782710280373832 0.4953125 0.07242990654205607 0.10625
72 0.616822429906542 0.365625 0.056074766355140186 0.1046875
72 0.7394859813084113 0.42109375 0.053738317757009345 0.096875
72 0.41705607476635514 0.3859375 0.0630841121495327 0.096875
72 0.4088785046728972 0.559375 0.04906542056074766 0.090625
72 0.3294392523364486 0.42421875 0.08644859813084112 0.13125
72 0.5245327102803738 0.2578125 0.07009345794392523 0.109375
72 0.2897196261682243 0.4984375 0.06775700934579439 0.090625
72 0.352803738317757 0.59140625 0.09579439252336448 0.11875
72 0.5771028037383178 0.59921875 0.102803738317757 0.1046875
72 0.6530373831775701 0.31484375 0.04906542056074766 0.0375