73 0.4208984375 0.47890625 0.685546875 0.5390625
73 0.0458984375 0.428125 0.0859375 0.228125
48 0.91015625 0.46640625 0.0625 0.228125
48 0.8798828125 0.46328125 0.04296875 0.1734375
48 0.859375 0.38203125 0.0390625 0.0359375
48 0.9638671875 0.48359375 0.072265625 0.2453125
48 0.8359375 0.37421875 0.017578125 0.0265625
48 0.20703125 0.4234375 0.05078125 0.0578125
48 0.7802734375 0.46796875 0.04296875 0.1734375
2 0.0017124375 0.000713696875 0.000481376953125 0.0001957515625
35 0.9765625 0.46171875 0.044921875 0.115625
48 0.7705078125 0.41640625 0.03125 0.1109375
35 0.8046875 0.52421875 0.068359375 0.0484375
48 0.8203125 0.47109375 0.087890625 0.2421875