76 0.61640625 0.2989583333333333 0.1953125 0.07708333333333334
76 0.2375 0.24479166666666666 0.128125 0.04791666666666667
76 0.14765625 0.2677083333333333 0.1640625 0.07083333333333333
21 0.73515625 0.36354166666666665 0.0109375 0.03958333333333333
21 0.8703125 0.38958333333333334 0.009375 0.01875
35 0.196875 0.45729166666666665 0.0625 0.09375
35 0.309375 0.39375 0.0671875 0.13333333333333333
35 0.6875 0.403125 0.05 0.13125
35 0.0296875 0.41875 0.059375 0.10208333333333333
35 0.63671875 0.4947916666666667 0.0515625 0.12291666666666666
35 0.44375 0.45 0.028125 0.16875
35 0.53125 0.459375 0.03125 0.12916666666666668
48 0.93671875 0.48020833333333335 0.1265625 0.5125
48 0.8765625 0.44479166666666664 0.09375 0.48541666666666666
48 0.59609375 0.5104166666666666 0.115625 0.44583333333333336
48 0.725 0.471875 0.121875 0.4395833333333333
48 0.48828125 0.4666666666666667 0.08125 0.44583333333333336
48 0.1625 0.50625 0.1421875 0.4708333333333333
48 0.10234375 0.4895833333333333 0.059375 0.38125
48 0.771875 0.3229166666666667 0.08125 0.17291666666666666
48 0.82109375 0.4395833333333333 0.0734375 0.35208333333333336
48 0.2796875 0.46458333333333335 0.140625 0.38333333333333336
48 0.01875 0.5010416666666667 0.0375 0.4
48 0.4015625 0.4875 0.10625 0.44375
21 0.94921875 0.403125 0.0234375 0.04375
35 0.534375 0.39375 0.025 0.08333333333333333
35 0.79921875 0.49895833333333334 0.025 0.058333333333333334