0 0.2734375 0.6211764705882353 0.0875 0.09176470588235294
0 0.14453125 0.5882352941176471 0.0828125 0.08
0 0.43828125 0.6670588235294118 0.11875 0.12705882352941175
0 0.45546875 0.4011764705882353 0.0703125 0.02823529411764706
0 0.509375 0.3788235294117647 0.0609375 0.021176470588235293
18 0.87890625 0.6858823529411765 0.01875 0.01647058823529412
18 0.840625 0.6270588235294118 0.0125 0.009411764705882352
18 0.84140625 0.6647058823529411 0.0125 0.009411764705882352
18 0.83984375 0.6352941176470588 0.0171875 0.011764705882352941
18 0.83984375 0.6047058823529412 0.0125 0.011764705882352941
18 0.82421875 0.611764705882353 0.0140625 0.009411764705882352
18 0.88203125 0.7164705882352941 0.0140625 0.007058823529411765
18 0.88046875 0.7094117647058824 0.015625 0.009411764705882352
74 0.30859375 0.6964705882352941 0.0140625 0.021176470588235293
74 0.2921875 0.7658823529411765 0.0140625 0.018823529411764704
74 0.47265625 0.8129411764705883 0.0140625 0.018823529411764704
18 0.8734375 0.648235294117647 0.015625 0.009411764705882352
18 0.8421875 0.6517647058823529 0.0140625 0.011764705882352941
18 0.8796875 0.7 0.0140625 0.009411764705882352
18 0.825 0.6588235294117647 0.0125 0.007058823529411765
0 0.596875 0.32941176470588235 0.0296875 0.018823529411764704
74 0.3859375 0.6988235294117647 0.021875 0.018823529411764704
74 0.3515625 0.6847058823529412 0.0140625 0.023529411764705882
74 0.5296875 0.7305882352941176 0.01875 0.02823529411764706
18 0.79140625 0.6764705882352942 0.0125 0.011764705882352941
74 0.33515625 0.7705882352941177 0.025 0.02823529411764706