22 0.9404205607476636 0.4734375 0.1191588785046729 0.0515625
22 0.9707943925233645 0.26015625 0.05841121495327103 0.0765625
22 0.27453271028037385 0.12265625 0.11214953271028037 0.0578125
22 0.16004672897196262 0.12578125 0.11682242990654206 0.0625
67 0.6191588785046729 0.57109375 0.2967289719626168 0.09375
48 0.4182242990654206 0.5953125 0.25934579439252337 0.5296875
48 0.8726635514018691 0.39453125 0.14719626168224298 0.190625
48 0.9731308411214953 0.37578125 0.053738317757009345 0.153125
48 0.4766355140186916 0.31484375 0.11448598130841121 0.09375
48 0.6892523364485982 0.28046875 0.13551401869158877 0.11875
48 0.602803738317757 0.37734375 0.14719626168224298 0.215625
48 0.3119158878504673 0.284375 0.12383177570093458 0.125
48 0.17172897196261683 0.2609375 0.1191588785046729 0.0859375
48 0.7102803738317757 0.384375 0.18691588785046728 0.2015625
48 0.6799065420560748 0.15234375 0.1308411214953271 0.146875
48 0.5981308411214953 0.22421875 0.1588785046728972 0.1453125
48 0.23598130841121495 0.22109375 0.13551401869158877 0.1671875
22 0.8095794392523364 0.47265625 0.14018691588785046 0.0546875
22 0.6682242990654206 0.47109375 0.1308411214953271 0.0546875
22 0.8866822429906542 0.26171875 0.10981308411214953 0.084375
22 0.09228971962616822 0.46796875 0.09579439252336448 0.0421875
22 0.5327102803738317 0.31015625 0.0794392523364486 0.040625
22 0.9497663551401869 0.31796875 0.09579439252336448 0.0515625
22 0.4007009345794392 0.31015625 0.07009345794392523 0.0390625
48 0.9287383177570093 0.17109375 0.1261682242990654 0.1671875