48 0.8802083333333334 0.45859375 0.22916666666666666 0.5859375
64 0.4510416666666667 0.571875 0.28541666666666665 0.3203125
64 0.19895833333333332 0.56640625 0.11041666666666666 0.134375
64 0.4739583333333333 0.8859375 0.175 0.221875
64 0.29375 0.865625 0.22916666666666666 0.26875
64 0.21145833333333333 0.43046875 0.14583333333333334 0.0734375
2 0.871875 0.84375 0.25625 0.26875
64 0.23541666666666666 0.32109375 0.0375 0.04375
64 0.309375 0.57265625 0.13958333333333334 0.2
64 0.09583333333333334 0.9296875 0.18333333333333332 0.1171875
64 0.4166666666666667 0.3609375 0.08541666666666667 0.0453125
64 0.165625 0.34140625 0.052083333333333336 0.0453125
64 0.1125 0.45546875 0.09375 0.1609375