50 0.20234375 0.7010416666666667 0.2078125 0.5729166666666666
13 0.40078125 0.709375 0.0203125 0.12708333333333333
13 0.32890625 0.5239583333333333 0.0296875 0.11458333333333333
13 0.3515625 0.5375 0.0140625 0.08541666666666667
70 0.62421875 0.61875 0.1140625 0.2625
56 0.08515625 0.8145833333333333 0.1703125 0.16875
77 0.5421875 0.32083333333333336 0.025 0.07708333333333334
13 0.64375 0.46875 0.015625 0.06666666666666667
25 0.453125 0.559375 0.021875 0.04583333333333333
13 0.3171875 0.565625 0.01875 0.05625
13 0.36640625 0.7083333333333334 0.0234375 0.12916666666666668