20 0.694 0.6622340425531915 0.116 0.10106382978723404
60 0.387 0.8058510638297872 0.774 0.3829787234042553
48 0.614 0.5558510638297872 0.408 0.8617021276595744
48 0.251 0.5478723404255319 0.36 0.8776595744680851
9 0.954 0.8271276595744681 0.092 0.19414893617021275
25 0.814 0.964095744680851 0.042 0.06914893617021277
52 0.784 0.24601063829787234 0.03 0.05053191489361702
52 0.407 0.37101063829787234 0.036 0.10106382978723404
52 0.375 0.34175531914893614 0.04 0.07712765957446809
52 0.56 0.3683510638297872 0.022 0.11170212765957446
23 0.754 0.2579787234042553 0.056 0.12234042553191489