26 0.0984375 0.54375 0.178125 0.1390625
48 0.509375 0.3515625 0.365625 0.65
10 0.153125 0.81796875 0.1515625 0.2421875
22 0.1703125 0.58203125 0.1234375 0.1625
68 0.33125 0.3140625 0.025 0.1609375
51 0.11796875 0.37890625 0.209375 0.2453125
25 0.75390625 0.90859375 0.090625 0.115625
14 0.49765625 0.82890625 0.36875 0.2828125
46 0.81875 0.59453125 0.359375 0.1421875
56 0.703125 0.446875 0.1734375 0.028125
48 0.309375 0.3953125 0.190625 0.534375
1 0.1078125 0.23359375 0.0390625 0.009375
1 0.13671875 0.23359375 0.0234375 0.0109375
14 0.7125 0.459375 0.103125 0.0703125
22 0.08828125 0.4765625 0.1671875 0.01875