48 0.6451990632318502 0.93359375 0.05620608899297424 0.09375
48 0.7377049180327869 0.94453125 0.06557377049180328 0.1015625
48 0.5995316159250585 0.9125 0.0234192037470726 0.053125
48 0.2810304449648712 0.92734375 0.05152224824355972 0.0875
48 0.5163934426229508 0.9109375 0.0234192037470726 0.0625
23 0.8758782201405152 0.725 0.053864168618266976 0.0359375
48 0.31733021077283374 0.915625 0.05152224824355972 0.090625
48 0.7915690866510539 0.94921875 0.04918032786885246 0.09375
76 0.3009367681498829 0.8828125 0.07259953161592506 0.009375
48 0.8348946135831382 0.9171875 0.02107728337236534 0.0765625
48 0.24824355971896955 0.9015625 0.02576112412177986 0.065625