7 0.759375 0.7447916666666666 0.48125 0.45625
7 0.0011960578125 0.0006693791666666666 0.0007328859375 0.00031549583333333333
7 0.16796875 0.33125 0.3359375 0.16458333333333333
7 0.16640625 0.721875 0.3328125 0.5541666666666667
7 0.68984375 0.9260416666666667 0.328125 0.12291666666666666
7 0.2875 0.7135416666666666 0.10625 0.14583333333333334
12 0.021875 0.10625 0.04375 0.020833333333333332
12 0.0265625 0.121875 0.053125 0.027083333333333334
7 0.16640625 0.8760416666666667 0.2765625 0.24791666666666667
7 0.4453125 0.6479166666666667 0.09375 0.1625
7 0.45703125 0.334375 0.09375 0.06875
53 0.06640625 0.6302083333333334 0.028125 0.01875