9 0.071875 0.6666666666666666 0.0984375 0.3055555555555556
73 0.42109375 0.5013888888888889 0.6984375 0.9111111111111111
48 0.37890625 0.7222222222222222 0.109375 0.5277777777777778
48 0.23046875 0.6625 0.0828125 0.44166666666666665
48 0.55859375 0.6777777777777778 0.19375 0.5472222222222223
48 0.0546875 0.6458333333333334 0.109375 0.3388888888888889
2 0.01953125 0.5930555555555556 0.0375 0.08888888888888889
35 0.4484375 0.8416666666666667 0.0984375 0.18611111111111112
73 0.92421875 0.4888888888888889 0.1515625 0.6361111111111111
23 0.05859375 0.19166666666666668 0.0625 0.10833333333333334
35 0.2296875 0.6361111111111111 0.0828125 0.11944444444444445