37 0.3046875 0.68125 0.321875 0.58125
13 0.046875 0.6041666666666666 0.09375 0.29791666666666666
61 0.4234375 0.17604166666666668 0.0296875 0.12083333333333333
61 0.3828125 0.2552083333333333 0.0859375 0.1375
14 0.44453125 0.3333333333333333 0.1703125 0.22708333333333333
14 0.67421875 0.16041666666666668 0.2140625 0.13958333333333334
14 0.546875 0.19479166666666667 0.1453125 0.17291666666666666
14 0.18359375 0.43854166666666666 0.1953125 0.18333333333333332
14 0.4 0.22083333333333333 0.1625 0.11041666666666666
14 0.4453125 0.14791666666666667 0.125 0.08125
61 0.48125 0.14479166666666668 0.09375 0.06666666666666667
61 0.165625 0.36770833333333336 0.09375 0.14583333333333334
61 0.16953125 0.31666666666666665 0.071875 0.08125
53 0.76953125 0.45208333333333334 0.4578125 0.5708333333333333
37 0.76796875 0.45208333333333334 0.4640625 0.5666666666666667