22 0.9 0.426027397260274 0.034375 0.049315068493150684
8 0.359375 0.33972602739726027 0.103125 0.057534246575342465
57 0.7234375 0.4438356164383562 0.1171875 0.1232876712328767
57 0.30625 0.3917808219178082 0.040625 0.06575342465753424
35 0.14609375 0.2136986301369863 0.0234375 0.07123287671232877
48 0.8109375 0.33424657534246577 0.0453125 0.2136986301369863
48 0.2765625 0.31643835616438354 0.05 0.20273972602739726
48 0.96640625 0.39452054794520547 0.059375 0.136986301369863
48 0.25625 0.2356164383561644 0.0515625 0.14246575342465753
48 0.1453125 0.27671232876712326 0.05 0.273972602739726
48 0.90390625 0.38493150684931504 0.0390625 0.13424657534246576
48 0.02265625 0.29178082191780824 0.0453125 0.27945205479452057
48 0.5796875 0.31643835616438354 0.0375 0.13424657534246576
48 0.1140625 0.27671232876712326 0.0453125 0.2054794520547945
57 0.80078125 0.4191780821917808 0.0390625 0.06027397260273973
57 0.5671875 0.37534246575342467 0.0140625 0.01643835616438356
48 0.634375 0.31917808219178084 0.24375 0.3013698630136986
8 0.83359375 0.40821917808219177 0.065625 0.052054794520547946
8 0.96640625 0.4178082191780822 0.0671875 0.10136986301369863