48 0.23381294964028776 0.521875 0.05575539568345324 0.0875
48 0.9784172661870504 0.77109375 0.039568345323741004 0.128125
58 0.7266187050359713 0.86640625 0.1528776978417266 0.04375
48 0.5737410071942446 0.70703125 0.08812949640287769 0.221875
48 0.7257194244604317 0.75625 0.08453237410071943 0.24375
58 0.42176258992805754 0.86328125 0.0539568345323741 0.0140625
58 0.5989208633093526 0.809375 0.23381294964028776 0.0453125
58 0.26798561151079137 0.86171875 0.0539568345323741 0.0375
48 0.42176258992805754 0.7703125 0.13489208633093525 0.1984375
48 0.2697841726618705 0.7265625 0.10431654676258993 0.246875
58 0.9334532374100719 0.81953125 0.08633093525179857 0.025
58 0.24550359712230216 0.8375 0.04316546762589928 0.03125