26 0.501 0.4954819277108434 0.998 0.9789156626506024
14 0.607 0.23493975903614459 0.668 0.4608433734939759
28 0.269 0.48042168674698793 0.344 0.35843373493975905
28 0.085 0.625 0.17 0.3795180722891566
28 0.063 0.8554216867469879 0.126 0.2319277108433735
28 0.248 0.8147590361445783 0.324 0.34036144578313254
28 0.434 0.6807228915662651 0.21 0.24096385542168675
28 0.401 0.5391566265060241 0.202 0.2740963855421687
28 0.515 0.8870481927710844 0.14 0.19879518072289157
28 0.526 0.766566265060241 0.198 0.1746987951807229
28 0.96 0.6310240963855421 0.08 0.3493975903614458
28 0.495 0.7515060240963856 0.082 0.06927710843373494
28 0.041 0.608433734939759 0.08 0.08734939759036145
28 0.425 0.8960843373493976 0.058 0.1686746987951807