36 0.402 0.804 0.2 0.17866666666666667
48 0.161 0.8093333333333333 0.066 0.12533333333333332
48 0.88 0.732 0.022 0.037333333333333336
48 0.929 0.7346666666666667 0.016 0.034666666666666665
48 0.909 0.7373333333333333 0.024 0.06133333333333333
48 0.535 0.7453333333333333 0.022 0.04
48 0.634 0.7493333333333333 0.02 0.02666666666666667
48 0.892 0.7306666666666667 0.016 0.037333333333333336
48 0.595 0.7546666666666667 0.02 0.034666666666666665
48 0.518 0.7493333333333333 0.026 0.042666666666666665
48 0.102 0.7586666666666667 0.02 0.042666666666666665
36 0.428 0.7266666666666667 0.022 0.024
48 0.841 0.7386666666666667 0.026 0.050666666666666665