9 0.9140625 0.5354166666666667 0.0875 0.06666666666666667
9 0.9578125 0.4895833333333333 0.0453125 0.075
9 0.984375 0.7239583333333334 0.03125 0.12083333333333333
18 0.7453125 0.390625 0.0671875 0.0375
65 0.50703125 0.8114583333333333 0.0703125 0.30625
65 0.3828125 0.7697916666666667 0.18125 0.23958333333333334
65 0.09765625 0.6885416666666667 0.1921875 0.17708333333333334
48 0.7765625 0.5270833333333333 0.0578125 0.19791666666666666
48 0.68984375 0.5416666666666666 0.0421875 0.18958333333333333
48 0.75078125 0.7625 0.0921875 0.45208333333333334
48 0.55390625 0.4114583333333333 0.01875 0.058333333333333334
48 0.096875 0.70625 0.0671875 0.3104166666666667
48 0.5296875 0.3958333333333333 0.0140625 0.03125
48 0.2296875 0.678125 0.0890625 0.2375
48 0.90546875 0.46770833333333334 0.0703125 0.15625
48 0.39140625 0.7447916666666666 0.096875 0.2875
48 0.559375 0.790625 0.1625 0.36875
48 0.64921875 0.40520833333333334 0.025 0.058333333333333334
43 0.75390625 0.4041666666666667 0.0515625 0.0375
74 0.8875 0.38125 0.04375 0.03333333333333333
10 0.471875 0.190625 0.0046875 0.008333333333333333
10 0.47734375 0.19270833333333334 0.0046875 0.004166666666666667
10 0.49140625 0.19479166666666667 0.00625 0.008333333333333333
2 0.553125 0.7114583333333333 0.0609375 0.125
35 0.678125 0.534375 0.021875 0.052083333333333336
21 0.234375 0.5864583333333333 0.00625 0.00625
48 0.88203125 0.6864583333333333 0.1140625 0.24166666666666667
9 0.65078125 0.4270833333333333 0.01875 0.052083333333333336
18 0.7890625 0.38125 0.0421875 0.027083333333333334
43 0.803125 0.40520833333333334 0.0515625 0.03958333333333333
10 0.484375 0.19270833333333334 0.003125 0.004166666666666667
21 0.7328125 0.4875 0.00625 0.004166666666666667
48 0.6734375 0.38958333333333334 0.0078125 0.020833333333333332
9 0.53359375 0.4375 0.0109375 0.027083333333333334