36 0.539 0.6200564971751412 0.122 0.1327683615819209
48 0.147 0.5663841807909604 0.012 0.03954802259887006
48 0.667 0.634180790960452 0.022 0.12994350282485875
48 0.73 0.6454802259887006 0.026 0.12994350282485875
48 0.406 0.6087570621468926 0.02 0.11016949152542373
48 0.489 0.5706214689265536 0.012 0.022598870056497175
36 0.861 0.6426553672316384 0.14 0.1271186440677966
36 0.199 0.6186440677966102 0.092 0.11299435028248588
36 0.245 0.5790960451977402 0.098 0.06779661016949153
36 0.584 0.614406779661017 0.05 0.1271186440677966
36 0.302 0.6045197740112994 0.048 0.11299435028248588
36 0.941 0.6087570621468926 0.018 0.05649717514124294
36 0.612 0.5706214689265536 0.022 0.04519774011299435
36 0.329 0.6002824858757062 0.04 0.09887005649717515
48 0.69 0.6370056497175142 0.018 0.11299435028248588
48 0.706 0.6257062146892656 0.024 0.12146892655367232
48 0.759 0.615819209039548 0.018 0.1016949152542373
48 0.45 0.6016949152542372 0.022 0.09322033898305085
48 0.433 0.597457627118644 0.016 0.096045197740113
48 0.423 0.6045197740112994 0.016 0.08192090395480225
48 0.106 0.5550847457627118 0.03 0.07909604519774012
48 0.39 0.597457627118644 0.016 0.07344632768361582