27 0.4296875 0.5141509433962265 0.159375 0.1509433962264151
27 0.1609375 0.4811320754716981 0.1265625 0.09198113207547169
27 0.68125 0.5212264150943396 0.159375 0.1179245283018868
48 0.0015279546874999998 0.0009699009433962264 0.0000690921875 0.00038164150943396225
48 0.78203125 0.41273584905660377 0.0953125 0.19339622641509435
48 0.87265625 0.4044811320754717 0.0828125 0.17688679245283018
48 0.90703125 0.4068396226415094 0.0609375 0.1792452830188679
48 0.81171875 0.4068396226415094 0.1 0.18632075471698112
8 0.5328125 0.4858490566037736 0.34375 0.13679245283018868
27 0.528125 0.5035377358490566 0.065625 0.02358490566037736
8 0.24375 0.4834905660377358 0.2671875 0.11320754716981132
8 0.7203125 0.4516509433962264 0.140625 0.14150943396226415