48 0.64921875 0.47071583514099785 0.6625 0.4793926247288503
48 0.8546875 0.27765726681127983 0.025 0.07809110629067245
48 0.5953125 0.3557483731019523 0.0609375 0.11062906724511931
48 0.5140625 0.32212581344902386 0.009375 0.02386117136659436
58 0.603125 0.40238611713665945 0.0671875 0.021691973969631236
59 0.47734375 0.7950108459869848 0.5015625 0.3774403470715835
48 0.284375 0.4002169197396963 0.0671875 0.22559652928416485
48 0.328125 0.44685466377440347 0.1015625 0.17787418655097614
48 0.5375 0.3405639913232104 0.028125 0.06073752711496746
48 0.90546875 0.26898047722342733 0.0296875 0.08459869848156182
48 0.05859375 0.42950108459869846 0.05 0.12581344902386118
48 0.096875 0.44685466377440347 0.0203125 0.05422993492407809
48 0.2203125 0.40563991323210413 0.0328125 0.08026030368763558
59 0.065625 0.48698481561822127 0.084375 0.02386117136659436
48 0.92109375 0.20281995661605207 0.0046875 0.02386117136659436
48 0.13984375 0.43383947939262474 0.0265625 0.052060737527114966
58 0.5375 0.3720173535791757 0.028125 0.010845986984815618
58 0.5140625 0.33405639913232105 0.009375 0.004338394793926247
58 0.253125 0.5433839479392625 0.14375 0.019522776572668113
58 0.91015625 0.3080260303687636 0.0546875 0.019522776572668113
58 0.14140625 0.4566160520607375 0.0359375 0.010845986984815618