79 0.525 0.65625 0.61875 0.5791666666666667
79 0.840625 0.7270833333333333 0.31875 0.42083333333333334
79 0.278125 0.4354166666666667 0.346875 0.28541666666666665
79 0.5609375 0.43333333333333335 0.2421875 0.23333333333333334
79 0.8234375 0.1875 0.3515625 0.29791666666666666
79 0.7671875 0.09375 0.2203125 0.125
79 0.60078125 0.184375 0.1640625 0.27291666666666664
79 0.425 0.19479166666666667 0.378125 0.2520833333333333
79 0.20625 0.128125 0.3171875 0.2125
79 0.31015625 0.4875 0.1625 0.13958333333333334
79 0.1171875 0.6541666666666667 0.234375 0.5916666666666667
79 0.9203125 0.3854166666666667 0.159375 0.21666666666666667