18 0.8734375 0.5458333333333333 0.228125 0.11666666666666667
18 0.28203125 0.5361111111111111 0.0125 0.03888888888888889
18 0.1390625 0.6027777777777777 0.1390625 0.13055555555555556
18 0.0609375 0.6027777777777777 0.053125 0.09444444444444444
18 0.225 0.5763888888888888 0.0671875 0.058333333333333334
18 0.3734375 0.5847222222222223 0.0296875 0.05277777777777778
9 0.359375 0.6583333333333333 0.1609375 0.21388888888888888
74 0.59453125 0.4263888888888889 0.3765625 0.48055555555555557
18 0.07734375 0.5444444444444444 0.028125 0.025
72 0.2890625 0.4888888888888889 0.0078125 0.03333333333333333
72 0.296875 0.4875 0.0078125 0.027777777777777776
18 0.18984375 0.5652777777777778 0.0203125 0.03888888888888889