39 0.4015625 0.5229166666666667 0.6203125 0.8708333333333333
39 0.14765625 0.6916666666666667 0.071875 0.13125
39 0.0484375 0.5729166666666666 0.04375 0.30625
39 0.05234375 0.7895833333333333 0.015625 0.0625
48 0.92578125 0.928125 0.025 0.07083333333333333
48 0.89140625 0.9489583333333333 0.0109375 0.027083333333333334
48 0.89921875 0.9427083333333334 0.009375 0.029166666666666667
39 0.46875 0.7 0.021875 0.0375
39 0.08125 0.8104166666666667 0.0359375 0.04375
39 0.06875 0.840625 0.0390625 0.041666666666666664
48 0.87109375 0.9520833333333333 0.0078125 0.014583333333333334
39 0.021875 0.6927083333333334 0.0203125 0.06458333333333334
39 0.0109375 0.7458333333333333 0.0140625 0.06041666666666667
39 0.2265625 0.94375 0.0421875 0.03125