31 0.681 0.09333333333333334 0.116 0.18666666666666668
15 0.561 0.3426666666666667 0.282 0.312
15 0.896 0.33866666666666667 0.15 0.20266666666666666
15 0.155 0.3626666666666667 0.264 0.2986666666666667
19 0.668 0.5026666666666667 0.134 0.05333333333333334
19 0.835 0.436 0.296 0.2986666666666667
14 0.5 0.5 1 1
15 0.467 0.09066666666666667 0.376 0.18133333333333335
19 0.688 0.42 0.086 0.04
19 0.343 0.6586666666666666 0.17 0.25066666666666665
19 0.485 0.676 0.22 0.12266666666666666
19 0.772 0.5626666666666666 0.07 0.11466666666666667
19 0.584 0.656 0.07 0.2826666666666667
19 0.684 0.4573333333333333 0.098 0.032
19 0.755 0.6973333333333334 0.032 0.19733333333333333