26 0.5 0.8481308411214953 1 0.28738317757009346
12 0.0390625 0.2908878504672897 0.0203125 0.1542056074766355
12 0.01953125 0.308411214953271 0.01875 0.1191588785046729
12 0.17734375 0.19742990654205608 0.0515625 0.02102803738317757
12 0.05625 0.48130841121495327 0.0171875 0.12383177570093458
12 0.090625 0.49182242990654207 0.046875 0.10981308411214953
12 0.06171875 0.28738317757009346 0.0234375 0.17289719626168223
77 0.58359375 0.8049065420560748 0.5390625 0.38317757009345793
12 0.07890625 0.28738317757009346 0.015625 0.17289719626168223
12 0.00625 0.3130841121495327 0.0125 0.1191588785046729
12 0.05078125 0.2932242990654206 0.015625 0.14485981308411214
12 0.0734375 0.035046728971962614 0.009375 0.07009345794392523
12 0.021875 0.028037383177570093 0.01875 0.056074766355140186
12 0.04140625 0.030373831775700934 0.00625 0.05841121495327103
12 0.0609375 0.030373831775700934 0.009375 0.06074766355140187