75 0.5359375 0.2989583333333333 0.45625 0.44166666666666665
48 0.2375 0.4947916666666667 0.475 0.9895833333333334
48 0.7796875 0.503125 0.440625 0.99375
78 0.58984375 0.5322916666666667 0.078125 0.25416666666666665
78 0.4328125 0.6770833333333334 0.1 0.3
13 0.53046875 0.8177083333333334 0.05 0.17083333333333334
13 0.63125 0.85 0.0546875 0.25833333333333336
13 0.625 0.771875 0.0515625 0.13958333333333334
13 0.70703125 0.8604166666666667 0.0328125 0.21666666666666667
13 0.6859375 0.8114583333333333 0.0203125 0.15208333333333332
13 0.52578125 0.7645833333333333 0.0453125 0.11041666666666666
13 0.69296875 0.8270833333333333 0.025 0.17083333333333334