48 0.3015625 0.6344339622641509 0.1921875 0.4481132075471698
48 0.63828125 0.6556603773584906 0.121875 0.29245283018867924
48 0.48125 0.589622641509434 0.0984375 0.4221698113207547
4 0.24921875 0.4716981132075472 0.109375 0.14622641509433962
5 0.071875 0.6356132075471698 0.046875 0.08254716981132075
2 0.9125 0.5412735849056604 0.053125 0.08726415094339622
48 0.14921875 0.6450471698113207 0.1453125 0.2783018867924528
48 0.06015625 0.6273584905660378 0.1203125 0.44575471698113206
8 0.79453125 0.6757075471698113 0.1265625 0.054245283018867926
22 0.496875 0.6674528301886793 0.1609375 0.25471698113207547
22 0.6546875 0.7311320754716981 0.140625 0.15566037735849056
22 0.1234375 0.7535377358490566 0.0953125 0.06367924528301887
48 0.93359375 0.4186320754716981 0.090625 0.24764150943396226
8 0.9421875 0.6922169811320755 0.115625 0.04481132075471698
8 0.0014713875 0.0015468962264150944 0.00018222656250000002 0.00009650943396226415
8 0.8109375 0.5424528301886793 0.090625 0.0660377358490566