18 0.7362428842504743 0.70703125 0.04554079696394687 0.0234375
16 0.3946869070208729 0.6046875 0.6413662239089184 0.4765625
48 0.8738140417457305 0.78125 0.10815939278937381 0.2421875
48 0.9449715370018975 0.765625 0.09487666034155598 0.2109375
48 0.47343453510436434 0.46875 0.03225806451612903 0.028125
68 0.9459203036053131 0.7 0.011385199240986717 0.0125
74 0.825426944971537 0.7046875 0.15370018975332067 0.0875
23 0.6802656546489564 0.33125 0.05502846299810247 0.05
23 0.7523719165085389 0.3375 0.030360531309297913 0.04375
48 0.1793168880455408 0.6609375 0.0872865275142315 0.0515625
48 0.2314990512333966 0.446875 0.03415559772296015 0.0234375