43 0.31796875 0.39344262295081966 0.0390625 0.0702576112412178
48 0.315625 0.3700234192037471 0.034375 0.08665105386416862
48 0.62109375 0.3430913348946136 0.0125 0.02107728337236534
18 0.37890625 0.3126463700234192 0.1140625 0.08899297423887588
18 0.62890625 0.3559718969555035 0.140625 0.12177985948477751
18 0.76484375 0.6206088992974239 0.228125 0.22716627634660422
18 0.71015625 0.2962529274004684 0.11875 0.07728337236533958
48 0.6109375 0.1721311475409836 0.0140625 0.0234192037470726
18 0.93125 0.32786885245901637 0.1171875 0.08196721311475409
18 0.22265625 0.2997658079625293 0.0734375 0.06791569086651054
18 0.10390625 0.17681498829039813 0.0375 0.03044496487119438
18 0.3015625 0.16276346604215455 0.05625 0.0351288056206089
18 0.659375 0.2154566744730679 0.0796875 0.053864168618266976
18 0.59453125 0.09718969555035128 0.015625 0.01873536299765808
74 0.571875 0.13700234192037472 0.028125 0.03981264637002342
18 0.38203125 0.16393442622950818 0.0515625 0.03044496487119438
18 0.9859375 0.38173302107728335 0.028125 0.05620608899297424
74 0.2515625 0.13114754098360656 0.0375 0.03747072599531616
72 0.553125 0.22482435597189696 0.125 0.04918032786885246