48 0.52734375 0.5339578454332553 0.2 0.7845433255269321
48 0.3671875 0.3548009367681499 0.1921875 0.3911007025761124
48 0.9703125 0.2775175644028103 0.059375 0.38875878220140514
8 0.001303271875 0.0013043185011709603 0.0005184578125000001 0.00042105152224824354
4 0.38828125 0.5491803278688525 0.1109375 0.19437939110070257
48 0.03515625 0.42505854800936765 0.0703125 0.44028103044496486
22 0.3546875 0.5163934426229508 0.071875 0.07728337236533958
48 0.18984375 0.4133489461358314 0.23125 0.4613583138173302
48 0.1046875 0.3946135831381733 0.14375 0.3583138173302108
8 0.8796875 0.34192037470725994 0.165625 0.09133489461358314
8 0.89765625 0.23302107728337237 0.0828125 0.03044496487119438
22 0.29609375 0.33489461358313816 0.090625 0.16627634660421545