48 0.57734375 0.4027777777777778 0.1359375 0.5777777777777777
48 0.16171875 0.2722222222222222 0.03125 0.14166666666666666
48 0.0014933109375 0.0008504638888888889 0.00013837968750000002 0.0007040111111111111
48 0.69140625 0.34444444444444444 0.05 0.15555555555555556
48 0.89765625 0.31805555555555554 0.0453125 0.14166666666666666
48 0.4375 0.24305555555555555 0.040625 0.16666666666666666
48 0.46171875 0.2513888888888889 0.0171875 0.07777777777777778
48 0.02578125 0.21388888888888888 0.0359375 0.14722222222222223
58 0.35859375 0.8694444444444445 0.23125 0.20833333333333334
58 0.5890625 0.6777777777777778 0.3078125 0.16111111111111112
48 0.28828125 0.225 0.01875 0.06388888888888888
48 0.675 0.24583333333333332 0.0234375 0.08611111111111111
48 0.64921875 0.24861111111111112 0.01875 0.06111111111111111
48 0.35390625 0.6708333333333333 0.1171875 0.4861111111111111
58 0.88828125 0.38472222222222224 0.0625 0.022222222222222223
48 0.06875 0.225 0.040625 0.1527777777777778