48 0.728125 0.6159250585480094 0.15 0.5573770491803278
48 0.175 0.6463700234192038 0.2671875 0.5199063231850117
48 0.21328125 0.36768149882903983 0.0921875 0.2459016393442623
48 0.34453125 0.7318501170960188 0.146875 0.3395784543325527
48 0.84140625 0.44028103044496486 0.0734375 0.34894613583138173
48 0.89375 0.44028103044496486 0.059375 0.3255269320843091
48 0.9546875 0.43676814988290397 0.0671875 0.3442622950819672
4 0.69921875 0.42271662763466045 0.0359375 0.16393442622950818
5 0.43125 0.8313817330210773 0.0609375 0.07962529274004684
48 0.1078125 0.4379391100702576 0.1015625 0.42857142857142855
2 0.52265625 0.5538641686182669 0.05625 0.04449648711943794
13 0.81015625 0.47892271662763464 0.0140625 0.03747072599531616
48 0.99140625 0.45550351288056207 0.0171875 0.2810304449648712
2 0.56875 0.5433255269320844 0.0484375 0.05152224824355972