27 0.2921875 0.609375 0.1 0.1
40 0.75390625 0.3958333333333333 0.009375 0.027083333333333334
42 0.6375 0.25416666666666665 0.2 0.16041666666666668
46 0.62578125 0.5375 0.2109375 0.32708333333333334
13 0.98515625 0.540625 0.028125 0.15416666666666667
13 0.97734375 0.5197916666666667 0.03125 0.13125
40 0.7390625 0.39166666666666666 0.009375 0.03333333333333333
40 0.746875 0.421875 0.0046875 0.020833333333333332
40 0.84609375 0.415625 0.025 0.025
56 0.86015625 0.565625 0.2265625 0.10416666666666667
23 0.3296875 0.08333333333333333 0.046875 0.06666666666666667
23 0.6390625 0.38958333333333334 0.0171875 0.0125