21 0.3375 0.11145833333333334 0.0109375 0.022916666666666665
48 0.515625 0.53125 0.23125 0.8104166666666667
48 0.31953125 0.28229166666666666 0.1015625 0.4125
48 0.46015625 0.18125 0.0234375 0.08541666666666667
48 0.4015625 0.21770833333333334 0.0375 0.09166666666666666
48 0.39140625 0.21458333333333332 0.0296875 0.08333333333333333
18 0.20546875 0.17708333333333334 0.034375 0.022916666666666665
8 0.459375 0.22916666666666666 0.0546875 0.058333333333333334
8 0.4328125 0.234375 0.0140625 0.05
48 0.44609375 0.18229166666666666 0.0203125 0.07916666666666666
18 0.275 0.16666666666666666 0.0421875 0.027083333333333334
73 0.0011645390625 0.0005136291666666667 0.0007959234375 0.00102725625