10 0.3359375 0.28854166666666664 0.059375 0.08958333333333333
18 0.675 0.634375 0.6484375 0.5375
18 0.33125 0.5583333333333333 0.659375 0.49583333333333335
18 0.03828125 0.42604166666666665 0.0765625 0.11875
18 0.68515625 0.34270833333333334 0.1484375 0.06041666666666667
10 0.7546875 0.31145833333333334 0.0796875 0.13958333333333334
48 0.93125 0.35104166666666664 0.0265625 0.0375
10 0.71171875 0.346875 0.05 0.041666666666666664
74 0.871875 0.3333333333333333 0.1390625 0.0625
48 0.64765625 0.35 0.0171875 0.03333333333333333
18 0.0875 0.3770833333333333 0.0625 0.022916666666666665
26 0.15078125 0.384375 0.0421875 0.004166666666666667