13 0.9344262295081968 0.67109375 0.04918032786885246 0.08125
13 0.3231850117096019 0.21640625 0.05152224824355972 0.0640625
13 0.05737704918032787 0.2125 0.053864168618266976 0.065625
48 0.4496487119437939 0.534375 0.5480093676814989 0.8578125
35 0.1791569086651054 0.5125 0.1405152224824356 0.0625
13 0.9379391100702577 0.646875 0.0468384074941452 0.0734375
48 0.6030444964871194 0.5828125 0.3044496487119438 0.2890625
48 0.20374707259953162 0.0859375 0.33021077283372363 0.171875
13 0.30562060889929743 0.51171875 0.05152224824355972 0.0703125
22 0.955503512880562 0.5125 0.08899297423887588 0.3859375
22 0.18266978922716628 0.3046875 0.36065573770491804 0.1203125
67 0.7915690866510539 0.30078125 0.23653395784543327 0.2390625
67 0.8009367681498829 0.6625 0.1451990632318501 0.1171875