0 0.5875 0.27400468384074944 0.8140625 0.5480093676814989
48 0.16328125 0.5995316159250585 0.090625 0.3583138173302108
48 0.35546875 0.607728337236534 0.0625 0.34192037470725994
48 0.14375 0.4847775175644028 0.0546875 0.16627634660421545
48 0.81875 0.5925058548009368 0.0875 0.3442622950819672
48 0.5546875 0.6252927400468384 0.084375 0.3231850117096019
48 0.2875 0.6124121779859485 0.0859375 0.36533957845433257
48 0.4390625 0.6264637002341921 0.071875 0.3114754098360656
48 0.446875 0.468384074941452 0.021875 0.03278688524590164
48 0.484375 0.594847775175644 0.059375 0.351288056206089
48 0.51640625 0.5843091334894613 0.0453125 0.30210772833723654
48 0.59609375 0.5772833723653396 0.05625 0.2997658079625293
48 0.6609375 0.5913348946135831 0.0796875 0.33489461358313816
48 0.32265625 0.5163934426229508 0.015625 0.16627634660421545