68 0.53671875 0.44886363636363635 0.0203125 0.07007575757575757
68 0.73203125 0.4971590909090909 0.01875 0.07575757575757576
68 0.62890625 0.53125 0.028125 0.1268939393939394
68 0.42421875 0.4318181818181818 0.0171875 0.04734848484848485
68 0.3234375 0.45265151515151514 0.021875 0.08712121212121213
18 0.221875 0.3446969696969697 0.1328125 0.07765151515151515
18 0.0796875 0.33428030303030304 0.159375 0.08712121212121213
18 0.62890625 0.3731060606060606 0.059375 0.056818181818181816
54 0.515625 0.5643939393939394 0.1703125 0.20075757575757575
48 0.30078125 0.5643939393939394 0.11875 0.48295454545454547
48 0.54140625 0.5823863636363636 0.11875 0.4981060606060606
48 0.65390625 0.6126893939393939 0.1328125 0.44507575757575757
48 0.4109375 0.5246212121212122 0.1234375 0.4015151515151515
48 0.80078125 0.8039772727272727 0.359375 0.39204545454545453
48 0.0390625 0.6884469696969697 0.0734375 0.5946969696969697
48 0.746875 0.5795454545454546 0.1109375 0.3958333333333333
48 0.403125 0.8541666666666666 0.3078125 0.2916666666666667
18 0.56484375 0.3484848484848485 0.015625 0.020833333333333332
18 0.51328125 0.3446969696969697 0.025 0.026515151515151516
74 0.46875 0.3484848484848485 0.05 0.058712121212121215
48 0.67734375 0.35321969696969696 0.009375 0.03409090909090909