48 0.6802083333333333 0.478125 0.07083333333333333 0.0875
48 0.6302083333333334 0.478125 0.10416666666666667 0.1
48 0.521875 0.40625 0.06458333333333334 0.215625
1 0.225 0.8859375 0.45 0.228125
2 0.946875 0.6671875 0.10625 0.2546875
48 0.7625 0.471875 0.10416666666666667 0.24375
3 0.321875 0.6984375 0.03958333333333333 0.03125
3 0.34270833333333334 0.80625 0.022916666666666665 0.05625
3 0.325 0.803125 0.03333333333333333 0.0578125
3 0.396875 0.865625 0.025 0.0484375
3 0.45729166666666665 0.88046875 0.11041666666666666 0.0515625
3 0.46875 0.8375 0.12708333333333333 0.06875
3 0.6479166666666667 0.34921875 0.010416666666666666 0.025
3 0.25104166666666666 0.8109375 0.09375 0.0359375
3 0.6645833333333333 0.265625 0.03125 0.0203125
3 0.4041666666666667 0.7421875 0.08958333333333333 0.0453125
3 0.6489583333333333 0.29765625 0.058333333333333334 0.065625
3 0.7375 0.353125 0.06041666666666667 0.0421875
3 0.42916666666666664 0.77109375 0.1 0.0671875
48 0.0018317062499999999 0.0010673703125 0.00050325625 0.0009415765624999999