50 0.327 0.5053333333333333 0.098 0.24
22 0.37 0.42533333333333334 0.082 0.13866666666666666
48 0.377 0.368 0.07 0.2
25 0.423 0.668 0.042 0.050666666666666665
38 0.54 0.7226666666666667 0.214 0.088
12 0.794 0.7146666666666667 0.122 0.058666666666666666
12 0.818 0.6266666666666667 0.12 0.07733333333333334
12 0.79 0.612 0.086 0.056
12 0.243 0.692 0.102 0.06666666666666667
22 0.713 0.452 0.106 0.18933333333333333
22 0.278 0.43733333333333335 0.076 0.11466666666666667
75 0.484 0.472 0.144 0.19466666666666665
75 0.224 0.388 0.106 0.13066666666666665
75 0.479 0.32 0.052 0.08
75 0.143 0.384 0.064 0.13066666666666665
75 0.705 0.3 0.056 0.072
75 0.638 0.48133333333333334 0.162 0.216
75 0.76 0.304 0.064 0.07466666666666667
75 0.424 0.316 0.056 0.07466666666666667
75 0.515 0.284 0.05 0.064
21 0.806 0.832 0.038 0.056
25 0.229 0.5186666666666667 0.022 0.056
50 0.555 0.26266666666666666 0.04 0.144
44 0.682 0.7653333333333333 0.04 0.050666666666666665