22 0.27066666666666667 0.867 0.416 0.266
48 0.344 0.531 0.672 0.892
61 0.6453333333333333 0.378 0.096 0.076
13 0.6213333333333333 0.347 0.04533333333333334 0.228
28 0.7506666666666667 0.669 0.15733333333333333 0.072
28 0.6333333333333333 0.674 0.07466666666666667 0.044
28 0.804 0.629 0.06933333333333333 0.036
28 0.912 0.629 0.14666666666666667 0.066
28 0.8533333333333334 0.745 0.19733333333333333 0.102
28 0.56 0.564 0.11733333333333333 0.052
28 0.7173333333333334 0.513 0.10933333333333334 0.048
28 0.8706666666666667 0.562 0.13333333333333333 0.06
28 0.7266666666666667 0.595 0.14133333333333334 0.066
28 0.952 0.538 0.096 0.05
28 0.8773333333333333 0.518 0.11733333333333333 0.046
28 0.6786666666666666 0.559 0.058666666666666666 0.028
42 0.088 0.053 0.176 0.106
17 0.6053333333333333 0.591 0.11466666666666667 0.056
28 0.6413333333333333 0.711 0.07733333333333334 0.036
17 0.688 0.743 0.10933333333333334 0.06
17 0.7733333333333333 0.813 0.104 0.06
17 0.8146666666666667 0.485 0.10666666666666667 0.032
17 0.852 0.745 0.20266666666666666 0.1