22 0.5421875 0.7835294117647059 0.9015625 0.35764705882352943
22 0.7390625 0.711764705882353 0.06875 0.18352941176470589
66 0.42421875 0.8376470588235294 0.1984375 0.3247058823529412
48 0.84609375 0.7564705882352941 0.271875 0.48705882352941177
48 0.065625 0.5505882352941176 0.125 0.8635294117647059
48 0.41328125 0.4682352941176471 0.06875 0.13411764705882354
48 0.57265625 0.5741176470588235 0.284375 0.7788235294117647
48 0.76640625 0.40588235294117647 0.0765625 0.2988235294117647
48 0.90546875 0.5494117647058824 0.140625 0.5129411764705882
48 0.734375 0.37411764705882355 0.0484375 0.1411764705882353
48 0.7 0.4576470588235294 0.065625 0.18823529411764706
48 0.31640625 0.5776470588235294 0.296875 0.8423529411764706
48 0.15390625 0.5741176470588235 0.0796875 0.35058823529411764
48 0.85703125 0.41058823529411764 0.0671875 0.27058823529411763
48 0.98046875 0.4858823529411765 0.0390625 0.3035294117647059
68 0.5703125 0.40941176470588236 0.0421875 0.14352941176470588
13 0.38125 0.4752941176470588 0.0359375 0.03764705882352941
13 0.7390625 0.5423529411764706 0.0203125 0.07529411764705882
13 0.7625 0.5317647058823529 0.0171875 0.0611764705882353
22 0.14453125 0.831764705882353 0.05625 0.1388235294117647