9 0.10729166666666666 0.63828125 0.2125 0.2984375
18 0.846875 0.34921875 0.13125 0.0390625
18 0.7697916666666667 0.35234375 0.04583333333333333 0.0265625
18 0.153125 0.39375 0.058333333333333334 0.0765625
48 0.43333333333333335 0.5234375 0.42291666666666666 0.60625
48 0.078125 0.51484375 0.14375 0.3953125
48 0.09583333333333334 0.34453125 0.125 0.15625
9 0.23333333333333334 0.44296875 0.029166666666666667 0.0484375
74 0.925 0.35390625 0.0375 0.028125
72 0.5145833333333333 0.2984375 0.008333333333333333 0.015625
72 0.4947916666666667 0.29921875 0.010416666666666666 0.015625
35 0.39895833333333336 0.565625 0.06458333333333334 0.0796875