13 0.1078125 0.375 0.0578125 0.23958333333333334
25 0.1671875 0.46145833333333336 0.0640625 0.14375
14 0.14921875 0.6697916666666667 0.1484375 0.15833333333333333
41 0.5453125 0.4875 0.2953125 0.4
44 0.7109375 0.6083333333333333 0.065625 0.06666666666666667
61 0.15 0.6135416666666667 0.05 0.1875
21 0.1171875 0.5541666666666667 0.0609375 0.07708333333333334
22 0.0011098625 0.0019495666666666665 0.0006180171875 0.00026753541666666667
12 0.896875 0.6625 0.203125 0.31666666666666665
12 0.85859375 0.575 0.253125 0.14791666666666667
12 0.69375 0.36041666666666666 0.071875 0.08333333333333333
12 0.29609375 0.6260416666666667 0.2625 0.2708333333333333