13 0.22421875 0.41705607476635514 0.1109375 0.3574766355140187
22 0.840625 0.3060747663551402 0.2 0.39485981308411217
22 0.0014813359375 0.0004916915887850467 0.0001623296875 0.0007051915887850466
48 0.53984375 0.053738317757009345 0.1046875 0.09579439252336448
48 0.3078125 0.22313084112149534 0.0515625 0.11682242990654206
48 0.59140625 0.05023364485981308 0.078125 0.09813084112149532
41 0.546875 0.5619158878504673 0.696875 0.8434579439252337
77 0.68671875 0.11682242990654206 0.0359375 0.06074766355140187
22 0.27109375 0.23948598130841123 0.10625 0.14485981308411214
26 0.25078125 0.7535046728971962 0.3125 0.4929906542056075
26 0.001448975 0.001832502336448598 0.0002270515625 0.001007894859813084
26 0.865625 0.10630841121495327 0.2078125 0.04205607476635514
44 0.13359375 0.919392523364486 0.14375 0.1378504672897196
38 0.5234375 0.7044392523364486 0.3984375 0.3621495327102804
22 0.94921875 0.17757009345794392 0.059375 0.06542056074766354
22 0.584375 0.11098130841121495 0.05625 0.0397196261682243
22 0.140625 0.3072429906542056 0.090625 0.2383177570093458
22 0.95703125 0.08177570093457943 0.0859375 0.0794392523364486
22 0.86484375 0.102803738317757 0.0859375 0.053738317757009345
22 0.721875 0.09228971962616822 0.0875 0.030373831775700934
41 0.403125 0.2838785046728972 0.315625 0.49065420560747663
77 0.33125 0.1588785046728972 0.00625 0.016355140186915886
25 0.05859375 0.5572429906542056 0.1171875 0.3341121495327103