73 0.4828125 0.5585480093676815 0.3953125 0.4426229508196721
48 0.00111118125 0.0016902693208430913 0.000130175 0.0013033044496487118
48 0.8875 0.7330210772833724 0.0828125 0.5175644028103045
48 0.9609375 0.7505854800936768 0.078125 0.49882903981264637
48 0.78125 0.7037470725995316 0.090625 0.5597189695550351
48 0.19453125 0.5374707259953162 0.0265625 0.1053864168618267
48 0.1484375 0.5281030444964872 0.0171875 0.07728337236533958
48 0.66796875 0.7587822014051522 0.040625 0.1522248243559719
48 0.9359375 0.5433255269320844 0.0375 0.13817330210772832
48 0.91796875 0.5257611241217799 0.0296875 0.09836065573770492
48 0.23671875 0.5257611241217799 0.01875 0.07494145199063232
35 0.7453125 0.6873536299765808 0.059375 0.27634660421545665
64 0.91640625 0.9180327868852459 0.11875 0.16393442622950818
48 0.090625 0.5245901639344263 0.0203125 0.07728337236533958
23 0.40546875 0.44730679156908665 0.0390625 0.03981264637002342
23 0.7453125 0.40749414519906324 0.1046875 0.02576112412177986
23 0.68046875 0.5702576112412178 0.0171875 0.02107728337236534
48 0.8265625 0.5398126463700235 0.04375 0.14285714285714285
48 0.2203125 0.5292740046838408 0.0109375 0.06557377049180328
2 0.84609375 0.5409836065573771 0.034375 0.10304449648711944
64 0.84296875 0.810304449648712 0.065625 0.17330210772833723
21 0.68359375 0.5257611241217799 0.009375 0.0117096018735363
35 0.8328125 0.5526932084309133 0.0265625 0.08665105386416862
35 0.940625 0.7388758782201406 0.05 0.16159250585480095