48 0.5765625 0.334375 0.15625 0.2916666666666667
48 0.734375 0.6458333333333334 0.53125 0.7083333333333334
48 0.2390625 0.6072916666666667 0.4765625 0.7708333333333334
48 0.84609375 0.46770833333333334 0.2125 0.45208333333333334
48 0.925 0.2552083333333333 0.15 0.50625
66 0.390625 0.5427083333333333 0.3453125 0.40625
48 0.29921875 0.11770833333333333 0.2890625 0.23125
78 0.90859375 0.4166666666666667 0.034375 0.05
26 0.9546875 0.5145833333333333 0.090625 0.04791666666666667
25 0.91015625 0.428125 0.034375 0.06875
66 0.675 0.60625 0.31875 0.39166666666666666