13 0.5078125 0.28337236533957844 0.0296875 0.1358313817330211
13 0.5390625 0.26229508196721313 0.0359375 0.18266978922716628
13 0.5609375 0.2423887587822014 0.0265625 0.13114754098360656
53 0.4734375 0.5562060889929742 0.05 0.053864168618266976
53 0.40625 0.5878220140515222 0.0640625 0.05620608899297424
53 0.44140625 0.572599531615925 0.04375 0.0585480093676815
53 0.59375 0.6557377049180327 0.1140625 0.1053864168618267
53 0.56328125 0.5655737704918032 0.053125 0.07728337236533958
53 0.6015625 0.5480093676814989 0.0421875 0.07962529274004684
25 0.5890625 0.33138173302107726 0.025 0.06791569086651054
61 0.9015625 0.84192037470726 0.196875 0.053864168618266976
61 0.0015047125 0.0017467611241217798 0.0001155765625 0.00001815456674473068
61 0.24140625 0.4918032786885246 0.075 0.03747072599531616
14 0.87734375 0.8501170960187353 0.2453125 0.2224824355971897
14 0.73828125 0.7295081967213115 0.1046875 0.11007025761124122
14 0.8171875 0.629976580796253 0.06875 0.06088992974238876
14 0.95234375 0.6487119437939111 0.09375 0.10304449648711944
14 0.78515625 0.6733021077283372 0.096875 0.10304449648711944
13 0.50625 0.22716627634660422 0.0234375 0.09133489461358314
25 0.6046875 0.3255269320843091 0.021875 0.06557377049180328
25 0.98203125 0.36533957845433257 0.034375 0.12412177985948478
40 0.49765625 0.6604215456674473 0.0453125 0.10070257611241218
14 0.00143414375 0.0017509274004683841 0.0002567140625 0.0003895714285714286
53 0.3921875 0.6135831381733021 0.0515625 0.04215456674473068
53 0.38359375 0.5878220140515222 0.0359375 0.03747072599531616
53 0.60234375 0.6451990632318502 0.053125 0.05620608899297424
14 0.690625 0.7857142857142857 0.090625 0.1053864168618267
28 0.8625 0.3981264637002342 0.0640625 0.04449648711943794