36 0.26484375 0.7552742616033755 0.228125 0.24472573839662448
9 0.79453125 0.8069620253164557 0.1828125 0.1371308016877637
18 0.0375 0.7552742616033755 0.0609375 0.0759493670886076
18 0.14375 0.7732067510548524 0.1359375 0.16033755274261605
18 0.0703125 0.7742616033755274 0.0578125 0.10970464135021098
48 0.51015625 0.7563291139240507 0.0546875 0.2679324894514768
48 0.38828125 0.759493670886076 0.0765625 0.22573839662447256
48 0.71953125 0.7710970464135021 0.0609375 0.22784810126582278
48 0.67890625 0.8069620253164557 0.046875 0.15611814345991562
48 0.6375 0.7763713080168776 0.0671875 0.2320675105485232
48 0.8265625 0.7721518987341772 0.046875 0.24050632911392406
48 0.79375 0.7078059071729957 0.0328125 0.12869198312236288
48 0.8046875 0.7616033755274262 0.0453125 0.229957805907173
48 0.74296875 0.6888185654008439 0.025 0.07172995780590717
18 0.01015625 0.7468354430379747 0.0203125 0.04852320675105485
48 0.54140625 0.7837552742616034 0.0859375 0.2742616033755274
48 0.6921875 0.7373417721518988 0.028125 0.08016877637130802
63 0.7578125 0.5232067510548524 0.01875 0.08016877637130802
48 0.4015625 0.75 0.084375 0.18143459915611815