48 0.3640625 0.5471349353049908 0.184375 0.36044362292051757
48 0.47265625 0.49168207024029575 0.1421875 0.3123844731977819
48 0.16328125 0.6414048059149723 0.2203125 0.5286506469500925
48 0.24921875 0.4408502772643253 0.05 0.2144177449168207
32 0.51484375 0.6321626617375231 0.1140625 0.04251386321626617
32 0.06953125 0.7051756007393716 0.1375 0.04436229205175601
32 0.0453125 0.6765249537892791 0.090625 0.038817005545286505
32 0.42578125 0.7144177449168208 0.1359375 0.04066543438077634
32 0.075 0.732902033271719 0.14375 0.024029574861367836
48 0.3640625 0.37153419593345655 0.05 0.09242144177449169
32 0.4171875 0.7338262476894639 0.1578125 0.03512014787430684
48 0.1390625 0.37430683918669133 0.0359375 0.04805914972273567
48 0.0171875 0.41404805914972276 0.034375 0.08872458410351201
48 0.0012032234375 0.0011930739371534198 0.0007185546875 0.0012531053604436229