13 0.426 0.352 0.038 0.18133333333333335
13 0.786 0.444 0.086 0.304
13 0.85 0.372 0.064 0.23733333333333334
71 0.684 0.42933333333333334 0.064 0.216
71 0.746 0.4266666666666667 0.03 0.048
56 0.468 0.6 0.336 0.216
13 0.405 0.25066666666666665 0.054 0.12266666666666666
13 0.404 0.42133333333333334 0.038 0.13066666666666665
13 0.477 0.30533333333333335 0.026 0.06666666666666667
13 0.377 0.3293333333333333 0.036 0.07466666666666667
25 0.476 0.384 0.078 0.14666666666666667
25 0.718 0.492 0.068 0.13066666666666665
71 0.722 0.36933333333333335 0.024 0.11733333333333333