48 0.415625 0.49895833333333334 0.828125 0.9833333333333333
48 0.62578125 0.057291666666666664 0.109375 0.11458333333333333
41 0.75 0.571875 0.4484375 0.5083333333333333
41 0.5390625 0.42291666666666666 0.3734375 0.5458333333333333
35 0.6140625 0.209375 0.2515625 0.10833333333333334
26 0.68203125 0.6885416666666667 0.6359375 0.5958333333333333
41 0.59765625 0.11145833333333334 0.16875 0.11875
26 0.90703125 0.34479166666666666 0.1734375 0.325
26 0.625 0.2125 0.346875 0.2708333333333333
48 0.52265625 0.04375 0.11875 0.08541666666666667
22 0.88984375 0.21875 0.21875 0.36041666666666666
35 0.93359375 0.7614583333333333 0.1328125 0.47708333333333336