40 0.01875 0.7318501170960188 0.0375 0.01873536299765808
14 0.584375 0.6194379391100703 0.0640625 0.0234192037470726
14 0.51484375 0.6194379391100703 0.0828125 0.0468384074941452
14 0.6609375 0.6018735362997658 0.0703125 0.03044496487119438
14 0.72421875 0.5960187353629977 0.0609375 0.03278688524590164
42 0.7359375 0.32786885245901637 0.115625 0.1686182669789227
46 0.40234375 0.7576112412177985 0.36875 0.4847775175644028
3 0.7171875 0.5433255269320844 0.034375 0.03747072599531616
1 0.6609375 0.5866510538641686 0.0671875 0.03044496487119438
45 0.66328125 0.5913348946135831 0.0171875 0.01873536299765808
12 0.92734375 0.5304449648711944 0.0640625 0.02810304449648712
12 0.93359375 0.5491803278688525 0.08125 0.03044496487119438