13 0.8213333333333334 0.31 0.112 0.208
13 0.5413333333333333 0.382 0.09333333333333334 0.224
13 0.38266666666666665 0.331 0.112 0.108
13 0.4613333333333333 0.357 0.08533333333333333 0.254
12 0.5333333333333333 0.703 0.312 0.178
12 0.86 0.633 0.22933333333333333 0.11
12 0.3253333333333333 0.782 0.6373333333333333 0.436
12 0.2813333333333333 0.483 0.38133333333333336 0.202
54 0.23066666666666666 0.376 0.029333333333333333 0.03
13 0.2613333333333333 0.298 0.07466666666666667 0.13
54 0.16933333333333334 0.765 0.192 0.288