63 0.484375 0.48984375 0.41875 0.29375
18 0.40208333333333335 0.965625 0.49166666666666664 0.06875
18 0.11145833333333334 0.909375 0.041666666666666664 0.0265625
18 0.057291666666666664 0.9234375 0.0625 0.028125
48 0.5364583333333334 0.93359375 0.03958333333333333 0.0328125
18 0.2864583333333333 0.9203125 0.052083333333333336 0.025
30 0.703125 0.984375 0.022916666666666665 0.03125
48 0.4239583333333333 0.91640625 0.029166666666666667 0.0328125
18 0.2520833333333333 0.95859375 0.10833333333333334 0.0484375
18 0.27395833333333336 0.94296875 0.07708333333333334 0.0421875
18 0.24375 0.88359375 0.014583333333333334 0.009375
18 0.16145833333333334 0.903125 0.035416666666666666 0.025
18 0.2 0.90625 0.027083333333333334 0.015625
18 0.28854166666666664 0.8734375 0.014583333333333334 0.009375
18 0.013541666666666667 0.93359375 0.027083333333333334 0.0328125
18 0.09375 0.91875 0.041666666666666664 0.0296875
48 0.2635416666666667 0.90703125 0.0125 0.028125
9 0.478125 0.165625 0.09791666666666667 0.05