18 0.26640625 0.5511363636363636 0.24375 0.17613636363636365
18 0.265625 0.5383522727272727 0.246875 0.16761363636363635
18 0.07421875 0.5582386363636364 0.14375 0.1534090909090909
43 0.67265625 0.7698863636363636 0.146875 0.4602272727272727
48 0.24375 0.6505681818181818 0.2203125 0.6619318181818182
48 0.61953125 0.6548295454545454 0.159375 0.6534090909090909
72 0.3515625 0.20454545454545456 0.0421875 0.03125
72 0.93359375 0.27982954545454547 0.034375 0.10511363636363637
48 0.12578125 0.5213068181818182 0.01875 0.03125
48 0.74140625 0.47301136363636365 0.0078125 0.045454545454545456
48 0.415625 0.4872159090909091 0.0046875 0.028409090909090908
9 0.8546875 0.4971590909090909 0.0328125 0.048295454545454544
43 0.23046875 0.8196022727272727 0.1578125 0.36079545454545453
72 0.48515625 0.421875 0.0125 0.048295454545454544
72 0.134375 0.47301136363636365 0.0078125 0.022727272727272728
72 0.1265625 0.5 0.0109375 0.028409090909090908