48 0.7208333333333333 0.56953125 0.49166666666666664 0.6578125
48 0.9583333333333334 0.2359375 0.08333333333333333 0.075
48 0.1125 0.19453125 0.09444444444444444 0.0890625
48 0.07361111111111111 0.17421875 0.09722222222222222 0.1296875
48 0.9611111111111111 0.1796875 0.075 0.084375
48 0.12638888888888888 0.10234375 0.10277777777777777 0.084375
48 0.3638888888888889 0.14453125 0.10833333333333334 0.1125
48 0.6597222222222222 0.2375 0.10555555555555556 0.0640625
48 0.15694444444444444 0.24765625 0.12777777777777777 0.0875
67 0.3888888888888889 0.21484375 0.16666666666666666 0.0703125
67 0.7791666666666667 0.69609375 0.21388888888888888 0.203125
48 0.2222222222222222 0.09765625 0.09166666666666666 0.0875
48 0.4597222222222222 0.3421875 0.37222222222222223 0.425
48 0.31527777777777777 0.19921875 0.08333333333333333 0.0734375