50 0.737 0.4582172701949861 0.34 0.9136490250696379
7 0.861 0.8802228412256268 0.278 0.2395543175487465
48 0.0009221 0.0015139554317548747 0.00107284 0.002543122562674095
12 0.257 0.10167130919220056 0.088 0.11977715877437325
12 0.287 0.18523676880222842 0.012 0.09192200557103064
12 0.231 0.2116991643454039 0.01 0.06406685236768803
12 0.272 0.1991643454038997 0.024 0.07799442896935933
12 0.256 0.2075208913649025 0.014 0.06406685236768803
12 0.229 0.3050139275766017 0.01 0.06406685236768803
12 0.236 0.30779944289693595 0.006 0.06128133704735376
52 0.626 0.6629526462395543 0.064 0.019498607242339833
52 0.845 0.9289693593314763 0.068 0.14206128133704735
52 0.882 0.9164345403899722 0.046 0.04456824512534819
22 0.385 0.9080779944289693 0.334 0.18384401114206128