60 0.001143909375 0.0016267583333333332 0.0008371828124999999 0.0009131499999999999
26 0.4328125 0.8375 0.421875 0.23541666666666666
48 0.909375 0.4083333333333333 0.1265625 0.44166666666666665
48 0.796875 0.5739583333333333 0.2359375 0.825
48 0.39453125 0.48333333333333334 0.2296875 0.5520833333333334
25 0.48515625 0.7520833333333333 0.040625 0.06458333333333334
25 0.446875 0.7979166666666667 0.05625 0.09583333333333334
52 0.2875 0.2625 0.0125 0.01875
52 0.73046875 0.565625 0.028125 0.014583333333333334
2 0.1265625 0.9322916666666666 0.215625 0.10833333333333334
52 0.51171875 0.78125 0.0375 0.035416666666666666
52 0.40859375 0.8895833333333333 0.115625 0.0375
52 0.39765625 0.778125 0.0421875 0.020833333333333332