30 0.331 0.8671641791044776 0.18 0.2656716417910448
48 0.815 0.49402985074626865 0.362 0.9850746268656716
48 0.622 0.6432835820895523 0.176 0.6925373134328359
48 0.486 0.5746268656716418 0.016 0.05970149253731343
48 0.461 0.5686567164179105 0.02 0.06567164179104477
35 0.631 0.6507462686567164 0.118 0.29850746268656714
35 0.694 0.6522388059701493 0.074 0.3164179104477612
48 0.375 0.5895522388059702 0.02 0.07164179104477612
48 0.743 0.24328358208955222 0.068 0.12835820895522387
48 0.267 0.6179104477611941 0.018 0.08059701492537313
35 0.725 0.7492537313432835 0.092 0.2507462686567164
48 0.505 0.5791044776119403 0.01 0.03582089552238806