18 0.0011986328124999998 0.001967640186915888 0.000727734375 0.0007376191588785047
18 0.4421875 0.7219626168224299 0.11875 0.07710280373831775
18 0.1515625 0.7394859813084113 0.1328125 0.06542056074766354
18 0.3984375 0.6915887850467289 0.028125 0.028037383177570093
18 0.48671875 0.6834112149532711 0.025 0.030373831775700934
18 0.4796875 0.6682242990654206 0.015625 0.016355140186915886
72 0.8515625 0.41238317757009346 0.046875 0.102803738317757
48 0.01484375 0.772196261682243 0.0296875 0.12149532710280374
48 0.88203125 0.6962616822429907 0.0625 0.1705607476635514
48 0.77265625 0.6705607476635514 0.0375 0.04439252336448598
48 0.23125 0.7102803738317757 0.0171875 0.056074766355140186
48 0.63515625 0.6822429906542056 0.0125 0.035046728971962614
2 0.01484375 0.75 0.021875 0.0397196261682243
18 0.44140625 0.6764018691588785 0.01875 0.018691588785046728
18 0.734375 0.6705607476635514 0.034375 0.035046728971962614
18 0.41015625 0.6857476635514018 0.0171875 0.02570093457943925
74 0.475 0.6460280373831776 0.0140625 0.02336448598130841
74 0.41171875 0.677570093457944 0.021875 0.028037383177570093
72 0.07890625 0.6600467289719626 0.0109375 0.028037383177570093
18 0.02890625 0.735981308411215 0.0578125 0.05841121495327103
18 0.428125 0.6752336448598131 0.0125 0.02570093457943925
18 0.4296875 0.6600467289719626 0.0140625 0.014018691588785047
72 0.42109375 0.10514018691588785 0.034375 0.1378504672897196
72 0.0125 0.5607476635514018 0.0140625 0.035046728971962614
48 0.90859375 0.697429906542056 0.0640625 0.19158878504672897