68 0.5984375 0.5679723502304147 0.0625 0.22580645161290322
68 0.8421875 0.31682027649769584 0.028125 0.10368663594470046
68 0.2171875 0.43548387096774194 0.0078125 0.016129032258064516
48 0.659375 0.5011520737327189 0.490625 0.967741935483871
48 0.34140625 0.5944700460829493 0.30625 0.7903225806451613
48 0.128125 0.6082949308755761 0.2265625 0.7534562211981567
48 0.20703125 0.44585253456221197 0.0734375 0.21658986175115208
48 0.4171875 0.391705069124424 0.1125 0.18202764976958524
48 0.15546875 0.4251152073732719 0.0421875 0.10599078341013825
48 0.92890625 0.5875576036866359 0.1421875 0.3986175115207373
35 0.040625 0.7626728110599078 0.0796875 0.38940092165898615
48 0.878125 0.31451612903225806 0.2375 0.5207373271889401
48 0.35 0.33410138248847926 0.05 0.1175115207373272
52 0.46328125 0.5506912442396313 0.046875 0.07373271889400922
52 0.64609375 0.7338709677419355 0.05625 0.3456221198156682
48 0.465625 0.3640552995391705 0.0671875 0.08755760368663594
48 0.16875 0.39746543778801846 0.0546875 0.10599078341013825
68 0.15703125 0.4942396313364055 0.0453125 0.12672811059907835