13 0.8328125 0.6950354609929078 0.021875 0.13947990543735225
13 0.79296875 0.6903073286052009 0.021875 0.13947990543735225
48 0.64453125 0.7884160756501182 0.21875 0.42080378250591016
48 0.8890625 0.7446808510638298 0.221875 0.508274231678487
13 0.84453125 0.693853427895981 0.0203125 0.13711583924349882
13 0.81328125 0.6950354609929078 0.025 0.13947990543735225
3 0.740625 0.37825059101654845 0.03125 0.08983451536643026
3 0.45390625 0.38534278959810875 0.0234375 0.0851063829787234
3 0.5234375 0.39361702127659576 0.0671875 0.10638297872340426
1 0.0140625 0.8037825059101655 0.028125 0.030732860520094562
1 0.11484375 0.8451536643026005 0.2296875 0.1182033096926714
1 0.20390625 0.9113475177304965 0.2375 0.09219858156028368
45 0.3625 0.8735224586288416 0.028125 0.026004728132387706
45 0.334375 0.8652482269503546 0.0296875 0.026004728132387706
45 0.36796875 0.851063829787234 0.0234375 0.026004728132387706
3 0.75078125 0.3557919621749409 0.09375 0.14657210401891252
3 0.20703125 0.47044917257683216 0.0546875 0.14184397163120568
3 0.36015625 0.425531914893617 0.0796875 0.1182033096926714
3 0.978125 0.35106382978723405 0.04375 0.14420803782505912
3 0.26484375 0.46099290780141844 0.053125 0.14420803782505912
3 0.303125 0.44562647754137114 0.0765625 0.14893617021276595
3 0.9109375 0.3463356973995272 0.084375 0.14184397163120568
3 0.58359375 0.3628841607565012 0.06875 0.15839243498817968
3 0.83125 0.35815602836879434 0.0875 0.14184397163120568
13 0.76953125 0.6643026004728132 0.0296875 0.061465721040189124
3 0.6359375 0.3640661938534279 0.071875 0.09219858156028368
45 0.403125 0.8936170212765957 0.03125 0.0425531914893617
45 0.41484375 0.8546099290780141 0.0296875 0.04491725768321513
45 0.4828125 0.8794326241134752 0.1296875 0.08747044917257683