26 0.5 0.5 1 1
25 0.21979166666666666 0.89296875 0.27291666666666664 0.2125
14 0.265625 0.678125 0.16666666666666666 0.125
17 0.6489583333333333 0.45625 0.20833333333333334 0.1375
17 0.434375 0.496875 0.25833333333333336 0.20625
17 0.7010416666666667 0.3484375 0.26666666666666666 0.1390625
61 0.33541666666666664 0.69296875 0.08541666666666667 0.0234375
53 0.8010416666666667 0.60703125 0.25625 0.1890625
17 0.39895833333333336 0.45234375 0.21666666666666667 0.10625
17 0.61875 0.30703125 0.19583333333333333 0.175
53 0.5197916666666667 0.68203125 0.12916666666666668 0.15
17 0.53125 0.2296875 0.2375 0.178125
17 0.3145833333333333 0.33046875 0.25833333333333336 0.16875
40 0.75625 0.19140625 0.06041666666666667 0.1765625
53 0.8625 0.45859375 0.2708333333333333 0.1875
53 0.3229166666666667 0.32265625 0.26666666666666666 0.16875
53 0.5260416666666666 0.22421875 0.2520833333333333 0.203125
53 0.6697916666666667 0.64765625 0.22083333333333333 0.209375
53 0.6552083333333333 0.4609375 0.21875 0.1296875
53 0.4791666666666667 0.6125 0.19375 0.059375