53 0.62109375 0.5072916666666667 0.36875 0.7041666666666667
53 0.52890625 0.15 0.4359375 0.2875
31 0.2890625 0.7708333333333334 0.578125 0.21041666666666667
14 0.24453125 0.503125 0.4859375 0.48125
14 0.76796875 0.016666666666666666 0.1203125 0.027083333333333334
15 0.27578125 0.4166666666666667 0.18125 0.25833333333333336
15 0.20078125 0.49895833333333334 0.3671875 0.3104166666666667
15 0.3875 0.32708333333333334 0.15625 0.27291666666666664
15 0.19453125 0.225 0.1796875 0.23541666666666666
15 0.1671875 0.359375 0.15 0.16666666666666666
26 0.50078125 0.49375 0.996875 0.9875