2 0.4796875 0.5163934426229508 0.046875 0.08665105386416862
2 0.5375 0.6288056206088993 0.03125 0.07962529274004684
2 0.48671875 0.594847775175644 0.025 0.08899297423887588
64 0.22578125 0.3149882903981265 0.034375 0.09601873536299765
64 0.53984375 0.33021077283372363 0.05 0.05620608899297424
48 0.65546875 0.28688524590163933 0.0375 0.1592505854800937
48 0.553125 0.6545667447306791 0.06875 0.18266978922716628
48 0.61796875 0.33489461358313816 0.0234375 0.09836065573770492
48 0.7609375 0.44730679156908665 0.0609375 0.17798594847775176
48 0.7671875 0.4718969555035129 0.0515625 0.11241217798594848
48 0.159375 0.914519906323185 0.0765625 0.14285714285714285
48 0.68984375 0.6276346604215457 0.0671875 0.20374707259953162
48 0.4921875 0.522248243559719 0.053125 0.1405152224824356
48 0.40546875 0.4180327868852459 0.05 0.19437939110070257
2 0.7828125 0.41920374707259955 0.0125 0.05152224824355972
64 0.31328125 0.36065573770491804 0.03125 0.07962529274004684
75 0.253125 0.18149882903981265 0.1265625 0.12412177985948478
75 0.7625 0.06323185011709602 0.06875 0.09836065573770492
48 0.36953125 0.3114754098360656 0.0390625 0.0702576112412178
2 0.63203125 0.8583138173302107 0.0359375 0.07728337236533958
2 0.44375 0.49765807962529274 0.0390625 0.08430913348946135
2 0.08671875 0.2903981264637002 0.0171875 0.04449648711943794
35 0.7109375 0.31733021077283374 0.0265625 0.08665105386416862
35 0.7828125 0.49414519906323184 0.021875 0.06323185011709602
35 0.65390625 0.7037470725995316 0.034375 0.08430913348946135
35 0.628125 0.7154566744730679 0.025 0.06088992974238876
35 0.16953125 0.2927400468384075 0.021875 0.03044496487119438
35 0.34921875 0.39695550351288056 0.0328125 0.04449648711943794
35 0.55078125 0.6381733021077284 0.034375 0.08899297423887588
64 0.45703125 0.23185011709601874 0.03125 0.0468384074941452
64 0.2453125 0.3044496487119438 0.0296875 0.07962529274004684
64 0.559375 0.8852459016393442 0.0609375 0.12412177985948478
64 0.6296875 0.4309133489461358 0.040625 0.05152224824355972
64 0.68359375 0.5175644028103045 0.0328125 0.09601873536299765
64 0.44375 0.382903981264637 0.0546875 0.07259953161592506
64 0.4203125 0.18266978922716628 0.0328125 0.03981264637002342
64 0.78046875 0.5983606557377049 0.028125 0.04449648711943794
48 0.35234375 0.29156908665105385 0.034375 0.11943793911007025
48 0.7 0.3185011709601874 0.021875 0.1522248243559719
48 0.53359375 0.20960187353629978 0.01875 0.1522248243559719
35 0.35546875 0.33021077283372363 0.0171875 0.05620608899297424