27 0.75546875 0.7125 0.1125 0.21785714285714286
27 0.75390625 0.7125 0.1125 0.21964285714285714
27 0.5578125 0.7401785714285715 0.1046875 0.225
18 0.27734375 0.4276785714285714 0.0671875 0.06607142857142857
18 0.234375 0.4375 0.059375 0.05178571428571429
18 0.36875 0.43125 0.0765625 0.05714285714285714
16 0.49921875 0.4035714285714286 0.1859375 0.25535714285714284
35 0.1109375 0.5125 0.0515625 0.21964285714285714
35 0.43203125 0.5580357142857143 0.059375 0.09285714285714286
35 0.36953125 0.5169642857142858 0.03125 0.04107142857142857
48 0.5296875 0.5696428571428571 0.1390625 0.5232142857142857
48 0.67265625 0.5526785714285715 0.15 0.5714285714285714
48 0.07578125 0.5767857142857142 0.128125 0.5196428571428572
48 0.41171875 0.5348214285714286 0.0609375 0.22678571428571428
48 0.3515625 0.5133928571428571 0.0671875 0.19642857142857142
48 0.81796875 0.5133928571428571 0.0625 0.225
48 0.915625 0.5107142857142857 0.0546875 0.22321428571428573
48 0.86953125 0.49642857142857144 0.0421875 0.15714285714285714
35 0.78515625 0.5276785714285714 0.0234375 0.04642857142857143
35 0.93828125 0.5008928571428571 0.0171875 0.048214285714285716
48 0.78359375 0.48214285714285715 0.05 0.19642857142857142
48 0.9515625 0.45 0.034375 0.15357142857142858
48 0.76015625 0.46339285714285716 0.0296875 0.16428571428571428
48 0.86953125 0.4125 0.040625 0.0875
18 0.1375 0.4419642857142857 0.025 0.044642857142857144
18 0.059375 0.4232142857142857 0.11875 0.19107142857142856
18 0.3109375 0.4205357142857143 0.0671875 0.06964285714285715
21 0.909375 0.45714285714285713 0.0125 0.005357142857142857