26 0.48359375 0.6604166666666667 0.3171875 0.3229166666666667
48 0.71171875 0.5979166666666667 0.309375 0.8041666666666667
48 0.53515625 0.42291666666666666 0.1671875 0.2375
48 0.2375 0.6489583333333333 0.265625 0.6791666666666667
21 0.26015625 0.5677083333333334 0.0421875 0.029166666666666667
21 0.49375 0.5052083333333334 0.0265625 0.020833333333333332
25 0.58046875 0.5635416666666667 0.0359375 0.06666666666666667
25 0.51640625 0.5447916666666667 0.0328125 0.07083333333333333
25 0.46015625 0.53125 0.034375 0.08125
25 0.40703125 0.5635416666666667 0.065625 0.06458333333333334
25 0.44375 0.584375 0.0421875 0.07083333333333333
8 0.2359375 0.7791666666666667 0.390625 0.31666666666666665
22 0.44921875 0.8739583333333333 0.371875 0.22916666666666666
8 0.72421875 0.7510416666666667 0.3046875 0.21666666666666667