48 0.3765625 0.5188235294117647 0.3984375 0.6823529411764706
48 0.6609375 0.4929411764705882 0.1515625 0.6352941176470588
48 0.72578125 0.38588235294117645 0.090625 0.4447058823529412
48 0.828125 0.5117647058823529 0.1390625 0.2376470588235294
5 0.609375 0.7764705882352941 0.1234375 0.16941176470588235
48 0.0203125 0.5070588235294118 0.0375 0.5811764705882353
48 0.9890625 0.3635294117647059 0.021875 0.3552941176470588
4 0.13359375 0.6835294117647058 0.0453125 0.25176470588235295
4 0.15390625 0.6964705882352941 0.0359375 0.2211764705882353
48 0.44765625 0.5188235294117647 0.134375 0.4682352941176471
8 0.134375 0.6552941176470588 0.2296875 0.23294117647058823
4 0.0765625 0.6847058823529412 0.0703125 0.25882352941176473
48 0.0140625 0.20941176470588235 0.028125 0.05647058823529412
48 0.56015625 0.45176470588235296 0.1046875 0.4682352941176471