78 0.4635416666666667 0.33125 0.029166666666666667 0.0625
78 0.5854166666666667 0.340625 0.035416666666666666 0.0546875
25 0.56875 0.42421875 0.027083333333333334 0.021875
56 0.12291666666666666 0.68671875 0.22291666666666668 0.0671875
78 0.490625 0.32890625 0.025 0.0703125
78 0.46875 0.246875 0.0375 0.05625
78 0.5020833333333333 0.25859375 0.03333333333333333 0.0390625
78 0.5166666666666667 0.33046875 0.025 0.0640625
78 0.47291666666666665 0.3328125 0.022916666666666665 0.0609375
78 0.5614583333333333 0.3359375 0.01875 0.059375
25 0.5479166666666667 0.4421875 0.027083333333333334 0.015625
25 0.5083333333333333 0.43046875 0.027083333333333334 0.034375
25 0.5458333333333333 0.4234375 0.020833333333333332 0.0234375
25 0.58125 0.44140625 0.03333333333333333 0.0140625
78 0.5125 0.1703125 0.04583333333333333 0.05
78 0.5583333333333333 0.17265625 0.029166666666666667 0.053125
78 0.5916666666666667 0.17890625 0.022916666666666665 0.05
78 0.5770833333333333 0.1796875 0.01875 0.046875
25 0.46145833333333336 0.43046875 0.025 0.0328125