16 0.6625 0.45550351288056207 0.134375 0.19437939110070257
48 0.46484375 0.41217798594847777 0.325 0.6908665105386417
57 0.584375 0.37236533957845436 0.1203125 0.31381733021077285
48 0.0015409187499999999 0.0016053395784543325 0.0000431640625 0.0008981569086651054
18 0.903125 0.5070257611241218 0.1 0.10304449648711944
18 0.06953125 0.572599531615925 0.1390625 0.18501170960187355
18 0.11015625 0.4929742388758782 0.2203125 0.13114754098360656
18 0.23984375 0.46252927400468385 0.1046875 0.06323185011709602
18 0.4046875 0.585480093676815 0.5796875 0.2997658079625293
18 0.17265625 0.48009367681498827 0.21875 0.10070257611241218
18 0.034375 0.6463700234192038 0.06875 0.1451990632318501
18 0.09453125 0.5269320843091335 0.1875 0.1288056206088993
18 0.7953125 0.509367681498829 0.1046875 0.1053864168618267