48 0.5075187969924813 0.2640625 0.47619047619047616 0.334375
57 0.4699248120300752 0.503125 0.2556390977443609 0.0734375
48 0.9060150375939849 0.36015625 0.042606516290726815 0.08125
48 0.9398496240601504 0.35546875 0.03508771929824561 0.0734375
48 0.7957393483709273 0.3453125 0.045112781954887216 0.0734375
48 0.7493734335839599 0.3453125 0.03508771929824561 0.06875
48 0.518796992481203 0.36953125 0.042606516290726815 0.071875
18 0.2581453634085213 0.36015625 0.03258145363408521 0.01875
57 0.5175438596491229 0.4109375 0.040100250626566414 0.009375
48 0.9774436090225563 0.35078125 0.03759398496240601 0.0640625
18 0.03007518796992481 0.35625 0.040100250626566414 0.01875