18 0.6890625 0.853125 0.2015625 0.17291666666666666
18 0.871875 0.88125 0.23125 0.19375
18 0.07109375 0.896875 0.1421875 0.17708333333333334
18 0.44453125 0.73125 0.078125 0.06458333333333334
72 0.66171875 0.6552083333333333 0.015625 0.05416666666666667
18 0.73046875 0.7145833333333333 0.0859375 0.05
18 0.57109375 0.7260416666666667 0.0515625 0.058333333333333334
18 0.5921875 0.8 0.1125 0.12083333333333333
72 0.60234375 0.5510416666666667 0.0140625 0.03333333333333333
72 0.33515625 0.6708333333333333 0.009375 0.025
72 0.278125 0.678125 0.0140625 0.05
72 0.2640625 0.6875 0.009375 0.022916666666666665
72 0.0765625 0.7020833333333333 0.009375 0.022916666666666665
72 0.26015625 0.5854166666666667 0.0125 0.03125
72 0.7703125 0.6166666666666667 0.0140625 0.029166666666666667
72 0.04296875 0.6364583333333333 0.0125 0.025
72 0.05703125 0.7052083333333333 0.01875 0.041666666666666664
72 0.02578125 0.7229166666666667 0.0140625 0.025
74 0.33515625 0.7333333333333333 0.1265625 0.0875
72 0.6828125 0.64375 0.0078125 0.022916666666666665