48 0.1875 0.5642523364485982 0.1578125 0.5677570093457944
48 0.39765625 0.5058411214953271 0.1546875 0.5023364485981309
48 0.4984375 0.5794392523364486 0.1 0.514018691588785
58 0.49375 0.8317757009345794 0.28125 0.09813084112149532
58 0.40546875 0.75 0.3 0.0514018691588785
48 0.77890625 0.5759345794392523 0.14375 0.5420560747663551
48 0.73515625 0.4848130841121495 0.1046875 0.3808411214953271
48 0.0578125 0.352803738317757 0.0328125 0.07710280373831775
48 0.27265625 0.35514018691588783 0.0171875 0.09813084112149532
48 0.29609375 0.3621495327102804 0.0234375 0.10046728971962617
48 0.009375 0.3866822429906542 0.01875 0.11448598130841121
48 0.07421875 0.32593457943925236 0.0203125 0.0514018691588785
48 0.353125 0.36565420560747663 0.01875 0.10514018691588785
58 0.71015625 0.6950934579439252 0.1140625 0.06775700934579439
48 0.134375 0.375 0.0203125 0.0630841121495327
48 0.30625 0.375 0.01875 0.07710280373831775
58 0.78046875 0.8282710280373832 0.33125 0.08878504672897196
58 0.16875 0.8691588785046729 0.3359375 0.1822429906542056