62 0.4984375 0.24479166666666666 0.009375 0.0125
23 0.31484375 0.2635416666666667 0.0265625 0.05625
22 0.51171875 0.19791666666666666 0.0640625 0.1125
22 0.4625 0.20104166666666667 0.053125 0.09375
67 0.43671875 0.4395833333333333 0.0515625 0.075
48 0.4890625 0.534375 0.090625 0.28958333333333336
48 0.7796875 0.16770833333333332 0.0625 0.06458333333333334
48 0.2625 0.21458333333333332 0.0515625 0.23958333333333334
48 0.8234375 0.125 0.05 0.06458333333333334
48 0.878125 0.11666666666666667 0.0484375 0.06875
22 0.57578125 0.11145833333333334 0.0328125 0.01875
23 0.35234375 0.24270833333333333 0.05 0.07083333333333333
48 0.85546875 0.10833333333333334 0.0359375 0.06875
48 0.7421875 0.090625 0.053125 0.10208333333333333
48 0.70234375 0.040625 0.046875 0.07708333333333334
48 0.66875 0.040625 0.0453125 0.08125
48 0.63046875 0.03958333333333333 0.0359375 0.07083333333333333
48 0.590625 0.035416666666666666 0.0609375 0.06875
48 0.3640625 0.03333333333333333 0.0578125 0.0625
22 0.6109375 0.11666666666666667 0.0328125 0.01875
22 0.07578125 0.10729166666666666 0.0390625 0.041666666666666664
22 0.04609375 0.11666666666666667 0.0359375 0.03958333333333333
22 0.04140625 0.059375 0.0328125 0.03333333333333333
22 0.0140625 0.07083333333333333 0.028125 0.03958333333333333
22 0.67421875 0.10520833333333333 0.0453125 0.052083333333333336
22 0.646875 0.12083333333333333 0.0359375 0.016666666666666666
48 0.92109375 0.121875 0.053125 0.08958333333333333