48 0.396875 0.12910798122065728 0.1328125 0.19248826291079812
48 0.75546875 0.5223004694835681 0.0703125 0.20187793427230047
48 0.28984375 0.6467136150234741 0.1375 0.42018779342723006
29 0.38984375 0.5586854460093896 0.6265625 0.6924882629107981
48 0.66953125 0.6713615023474179 0.0984375 0.2136150234741784
48 0.03046875 0.8133802816901409 0.0609375 0.3333333333333333
9 0.0671875 0.9284037558685446 0.0671875 0.13849765258215962
18 0.79375 0.613849765258216 0.4125 0.7488262910798122
9 0.3234375 0.8075117370892019 0.371875 0.3145539906103286
9 0.6296875 0.6960093896713615 0.2078125 0.18544600938967137
48 0.81953125 0.6725352112676056 0.0671875 0.23708920187793428