48 0.7423887587822015 0.37890625 0.5035128805620609 0.596875
48 0.2716627634660422 0.54140625 0.5292740046838408 0.9171875
48 0.382903981264637 0.36796875 0.2927400468384075 0.2703125
48 0.7377049180327869 0.35625 0.2154566744730679 0.25
54 0.5117096018735363 0.3859375 0.03981264637002342 0.0671875
35 0.7634660421545667 0.803125 0.30679156908665106 0.253125
48 0.6569086651053864 0.33671875 0.1756440281030445 0.2015625
48 0.20608899297423888 0.20078125 0.06557377049180328 0.1546875
48 0.5936768149882904 0.23125 0.07494145199063232 0.1609375
48 0.4215456674473068 0.22109375 0.11943793911007025 0.284375
48 0.6990632318501171 0.19375 0.0936768149882904 0.1609375
35 0.5281030444964872 0.8171875 0.23185011709601874 0.2484375
35 0.5257611241217799 0.50859375 0.17798594847775176 0.121875
48 0.32201405152224827 0.14375 0.18501170960187355 0.225
48 0.36885245901639346 0.32265625 0.18501170960187355 0.1875
48 0.8161592505854801 0.13515625 0.05620608899297424 0.071875