4 0.398 0.5063938618925832 0.016 0.12531969309462915
5 0.316 0.6918158567774936 0.028 0.04859335038363171
48 0.236 0.7007672634271099 0.194 0.22250639386189258
48 0.452 0.6202046035805626 0.19 0.27877237851662406
48 0.135 0.6713554987212276 0.136 0.26342710997442453
48 0.491 0.2928388746803069 0.104 0.12276214833759591
48 0.088 0.24552429667519182 0.07 0.07672634271099744
62 0.612 0.6713554987212276 0.014 0.017902813299232736
48 0.721 0.2506393861892583 0.052 0.13810741687979539
48 0.966 0.24168797953964194 0.062 0.10230179028132992
48 0.158 0.2877237851662404 0.074 0.2071611253196931
48 0.437 0.04859335038363171 0.054 0.09718670076726342
48 0.764 0.20843989769820973 0.036 0.07672634271099744
48 0.099 0.34271099744245526 0.076 0.11764705882352941
8 0.908 0.2710997442455243 0.116 0.08184143222506395
5 0.399 0.5421994884910486 0.018 0.02557544757033248
48 0.798 0.26214833759590794 0.05 0.09974424552429667
48 0.027 0.30434782608695654 0.054 0.20971867007672634
8 0.653 0.2864450127877238 0.086 0.05370843989769821