48 0.95703125 0.575 0.0859375 0.1375
48 0.865625 0.571875 0.1234375 0.12916666666666668
48 0.4296875 0.6697916666666667 0.153125 0.2916666666666667
48 0.5359375 0.6760416666666667 0.090625 0.3145833333333333
49 0.2 0.8885416666666667 0.265625 0.11041666666666666
49 0.78046875 0.8791666666666667 0.15625 0.13125
49 0.46796875 0.8739583333333333 0.2640625 0.11875
49 0.89375 0.8291666666666667 0.2109375 0.058333333333333334
49 0.80625 0.7833333333333333 0.18125 0.04375
49 0.759375 0.74375 0.1140625 0.052083333333333336
49 0.6515625 0.7208333333333333 0.0453125 0.025
49 0.67890625 0.8802083333333334 0.15 0.125
49 0.63515625 0.7010416666666667 0.0390625 0.008333333333333333
49 0.6109375 0.6895833333333333 0.0265625 0.0125
49 0.3765625 0.7572916666666667 0.084375 0.022916666666666665