48 0.4921875 0.5677083333333334 0.3546875 0.7166666666666667
28 0.60078125 0.7395833333333334 0.065625 0.04583333333333333
28 0.54765625 0.7291666666666666 0.059375 0.035416666666666666
28 0.1171875 0.8416666666666667 0.0609375 0.0375
28 0.1171875 0.8770833333333333 0.0640625 0.035416666666666666
28 0.04921875 0.8729166666666667 0.059375 0.03125
28 0.05078125 0.8447916666666667 0.0578125 0.04375
14 0.80234375 0.6333333333333333 0.165625 0.21875
51 0.75859375 0.275 0.1734375 0.31875
28 0.13046875 0.6083333333333333 0.03125 0.027083333333333334
28 0.3171875 0.8989583333333333 0.0390625 0.027083333333333334