37 0.267 0.48783783783783785 0.356 0.7891891891891892
19 0.762 0.504054054054054 0.14 0.14054054054054055
19 0.625 0.41081081081081083 0.066 0.23243243243243245
19 0.531 0.35135135135135137 0.132 0.05405405405405406
19 0.481 0.25 0.166 0.23783783783783785
19 0.781 0.1837837837837838 0.158 0.21081081081081082
19 0.689 0.4594594594594595 0.166 0.17567567567567569
19 0.741 0.1783783783783784 0.102 0.12432432432432433
19 0.652 0.1891891891891892 0.304 0.23513513513513515
19 0.811 0.3635135135135135 0.374 0.4810810810810811
19 0.64 0.17297297297297298 0.056 0.043243243243243246
19 0.572 0.4 0.058 0.05675675675675676
26 0.501 0.4972972972972973 0.998 0.9864864864864865