10 0.33359375 0.8197424892703863 0.0640625 0.07510729613733906
10 0.3640625 0.6974248927038627 0.05 0.045064377682403435
10 0.42265625 0.7135193133047211 0.0421875 0.05150214592274678
8 0.6875 0.6105150214592274 0.5 0.296137339055794
35 0.19765625 0.5257510729613734 0.021875 0.09656652360515021
35 0.5578125 0.5590128755364807 0.0703125 0.05793991416309013
35 0.2578125 0.4613733905579399 0.0203125 0.06437768240343347
48 0.0828125 0.4967811158798283 0.1421875 0.4227467811158798
48 0.76484375 0.3701716738197425 0.0546875 0.19742489270386265
48 0.22578125 0.4592274678111588 0.0609375 0.26824034334763946
48 0.6984375 0.5472103004291845 0.19375 0.49141630901287553
48 0.5890625 0.5654506437768241 0.140625 0.4356223175965665
48 0.17109375 0.48390557939914164 0.109375 0.37553648068669526
48 0.0140625 0.41738197424892703 0.0265625 0.18669527896995708
48 0.63984375 0.3562231759656652 0.046875 0.12875536480686695
10 0.34921875 0.7457081545064378 0.028125 0.04721030042918455
10 0.8515625 0.6888412017167382 0.0625 0.045064377682403435