50 0.75703125 0.934375 0.05625 0.058333333333333334
23 0.578125 0.31666666666666665 0.0890625 0.1375
22 0.3828125 0.8697916666666666 0.0421875 0.04791666666666667
22 0.24609375 0.921875 0.0390625 0.04791666666666667
22 0.171875 0.9447916666666667 0.05 0.05
22 0.32109375 0.9 0.0296875 0.027083333333333334
48 0.1265625 0.875 0.03125 0.125
48 0.16484375 0.865625 0.0484375 0.11041666666666666
50 0.65390625 0.7447916666666666 0.0125 0.03125
23 0.509375 0.3229166666666667 0.025 0.11041666666666666
48 0.31328125 0.8333333333333334 0.040625 0.10416666666666667
48 0.3671875 0.7875 0.03125 0.035416666666666666
48 0.37421875 0.8635416666666667 0.0484375 0.06875
48 0.921875 0.5114583333333333 0.025 0.10416666666666667
48 0.89921875 0.5104166666666666 0.0203125 0.10416666666666667
48 0.365625 0.8302083333333333 0.0359375 0.09583333333333334
48 0.2234375 0.8541666666666666 0.040625 0.12291666666666666
48 0.20078125 0.809375 0.0203125 0.06041666666666667
48 0.4265625 0.8614583333333333 0.0390625 0.05416666666666667
48 0.4546875 0.8645833333333334 0.0265625 0.025
50 0.6609375 0.7947916666666667 0.025 0.020833333333333332
50 0.6875 0.7958333333333333 0.009375 0.016666666666666666
50 0.57578125 0.821875 0.025 0.0375
50 0.7546875 0.978125 0.078125 0.04375
48 0.2796875 0.9083333333333333 0.040625 0.058333333333333334
50 0.803125 0.984375 0.021875 0.03125
50 0.7875 0.95 0.0296875 0.04583333333333333
50 0.81328125 0.984375 0.0203125 0.03125
50 0.9078125 0.9604166666666667 0.0765625 0.07916666666666666
50 0.8140625 0.95 0.03125 0.06875