26 0.5015625 0.5172413793103449 0.996875 0.9353448275862069
14 0.8140625 0.7726293103448276 0.33125 0.3017241379310345
3 0.4171875 0.1336206896551724 0.1203125 0.1336206896551724
3 0.49453125 0.23168103448275862 0.0484375 0.0668103448275862
3 0.5953125 0.2252155172413793 0.0703125 0.0668103448275862
3 0.6234375 0.1713362068965517 0.0875 0.07112068965517242
40 0.33671875 0.08728448275862069 0.1015625 0.040948275862068964
61 0.74375 0.9234913793103449 0.1578125 0.15301724137931033
3 0.54296875 0.24676724137931033 0.3578125 0.1810344827586207
61 0.8203125 0.5237068965517241 0.3203125 0.13577586206896552
17 0.45546875 0.5678879310344828 0.0890625 0.07327586206896551
61 0.734375 0.6691810344827587 0.1078125 0.30387931034482757