18 0.4609375 0.16635859519408502 0.06875 0.053604436229205174
18 0.58984375 0.133086876155268 0.0953125 0.04621072088724584
48 0.0014312140625 0.001013373382624769 0.0002625734375 0.0008470314232902033
48 0.85390625 0.5499075785582255 0.15 0.4510166358595194
48 0.7453125 0.5831792975970426 0.0984375 0.4011090573012939
48 0.3765625 0.3678373382624769 0.0640625 0.25508317929759705
48 0.28515625 0.2828096118299446 0.0578125 0.1922365988909427
48 0.23046875 0.2809611829944547 0.05625 0.2033271719038817
48 0.159375 0.27634011090573013 0.0546875 0.16820702402957485
48 0.61640625 0.5378927911275416 0.08125 0.3752310536044362
48 0.0625 0.24676524953789278 0.053125 0.2033271719038817
48 0.57109375 0.5064695009242144 0.0875 0.3733826247689464
48 0.6796875 0.5036968576709797 0.1046875 0.34750462107208874
48 0.61015625 0.3613678373382625 0.0453125 0.08687615526802218
68 0.85859375 0.4658040665434381 0.01875 0.051756007393715345
68 0.0015327765625 0.0010985508317929759 0.0000594484375 0.0002946210720887246
68 0.690625 0.43807763401109057 0.0140625 0.053604436229205174
68 0.5734375 0.41312384473197783 0.0140625 0.05730129390018484
68 0.54296875 0.3798521256931608 0.0078125 0.014787430683918669
68 0.465625 0.3512014787430684 0.00625 0.024029574861367836
68 0.50859375 0.34011090573012936 0.0046875 0.012939001848428836
68 0.42890625 0.2975970425138632 0.00625 0.0073937153419593345
68 0.85078125 0.2948243992606285 0.0078125 0.033271719038817
68 0.73984375 0.3142329020332717 0.009375 0.031423290203327174
68 0.775 0.4805914972273567 0.015625 0.036968576709796676
68 0.38515625 0.28650646950092423 0.0046875 0.0166358595194085
22 0.7671875 0.6977818853974121 0.078125 0.1645101663585952
22 0.68828125 0.677449168207024 0.090625 0.20147874306839186
22 0.61875 0.6478743068391867 0.0671875 0.20147874306839186
22 0.1921875 0.3170055452865065 0.0328125 0.08687615526802218
22 0.4546875 0.512014787430684 0.0453125 0.15157116451016636
22 0.38125 0.4408502772643253 0.04375 0.12754158964879853
22 0.49453125 0.5471349353049908 0.0375 0.17005545286506468
22 0.5234375 0.5767097966728281 0.0390625 0.17929759704251386
22 0.41953125 0.466728280961183 0.015625 0.133086876155268
22 0.1359375 0.3096118299445471 0.025 0.08872458410351201
48 0.7609375 0.34288354898336415 0.0578125 0.066543438077634
22 0.428125 0.4704251386321627 0.00625 0.08872458410351201
22 0.56953125 0.6127541589648798 0.059375 0.1866913123844732
22 0.34765625 0.4048059149722736 0.021875 0.11645101663585952