79 0.45859375 0.5229166666666667 0.153125 0.125
79 0.290625 0.53125 0.0421875 0.0625
79 0.60234375 0.5208333333333334 0.15 0.12083333333333333
79 0.11953125 0.5375 0.115625 0.13958333333333334
79 0.66640625 0.5072916666666667 0.171875 0.11458333333333333
79 0.83984375 0.5145833333333333 0.103125 0.11666666666666667
79 0.96953125 0.534375 0.0609375 0.08541666666666667
79 0.41015625 0.515625 0.13125 0.1625
79 0.92421875 0.509375 0.0890625 0.11666666666666667
79 0.77265625 0.5052083333333334 0.0359375 0.11458333333333333
79 0.50625 0.4708333333333333 0.025 0.022916666666666665
79 0.73125 0.47708333333333336 0.0359375 0.03958333333333333
79 0.8359375 0.4625 0.03125 0.01875