62 0.31953125 0.4672131147540984 0.021875 0.03044496487119438
48 0.34296875 0.6768149882903981 0.3609375 0.5526932084309133
48 0.7375 0.5491803278688525 0.209375 0.702576112412178
48 0.87421875 0.26229508196721313 0.0765625 0.1405152224824356
48 0.2171875 0.5901639344262295 0.196875 0.6697892271662763
48 0.77421875 0.12295081967213115 0.0875 0.16159250585480095
48 0.3109375 0.4063231850117096 0.090625 0.2224824355971897
48 0.146875 0.405152224824356 0.0671875 0.1756440281030445
48 0.4515625 0.39227166276346603 0.071875 0.1592505854800937
4 0.63125 0.531615925058548 0.1140625 0.25995316159250587
5 0.5296875 0.7517564402810304 0.06875 0.08430913348946135
48 0.459375 0.45784543325526933 0.0671875 0.1053864168618267
48 0.57265625 0.446135831381733 0.0953125 0.12646370023419204
48 0.57734375 0.29156908665105385 0.065625 0.15456674473067916
48 0.53046875 0.37822014051522246 0.084375 0.19437939110070257
48 0.9171875 0.4262295081967213 0.0796875 0.13817330210772832