48 0.4109375 0.4666666666666667 0.0484375 0.28958333333333336
48 0.6421875 0.29270833333333335 0.0296875 0.05416666666666667
48 0.6546875 0.26979166666666665 0.01875 0.03958333333333333
48 0.753125 0.26666666666666666 0.0234375 0.03125
48 0.75859375 0.2875 0.0328125 0.0625
43 0.4140625 0.7947916666666667 0.1953125 0.41041666666666665
43 0.553125 0.784375 0.2125 0.43125
43 0.89921875 0.7458333333333333 0.2015625 0.3770833333333333
43 0.05390625 0.5895833333333333 0.103125 0.14166666666666666
43 0.0625 0.4708333333333333 0.0671875 0.09583333333333334
43 0.36953125 0.5489583333333333 0.0890625 0.13958333333333334
43 0.5046875 0.5270833333333333 0.109375 0.18958333333333333
43 0.60859375 0.5458333333333333 0.1578125 0.24375
72 0.65078125 0.203125 0.0234375 0.04583333333333333
72 0.15 0.15 0.00625 0.016666666666666666
48 0.7359375 0.275 0.0140625 0.027083333333333334
48 0.8296875 0.28958333333333336 0.015625 0.035416666666666666
48 0.85859375 0.28125 0.025 0.06041666666666667
48 0.109375 0.3375 0.0203125 0.025
48 0.109375 0.3125 0.034375 0.0625
48 0.109375 0.271875 0.025 0.029166666666666667
43 0.70234375 0.771875 0.2359375 0.42291666666666666
43 0.678125 0.45 0.084375 0.12291666666666666
43 0.2515625 0.6447916666666667 0.11875 0.30625
43 0.15390625 0.6135416666666667 0.1375 0.21041666666666667
48 0.13984375 0.2916666666666667 0.021875 0.0625
43 0.09765625 0.771875 0.1953125 0.45625
48 0.1796875 0.2947916666666667 0.0234375 0.08125