36 0.3984375 0.764018691588785 0.1546875 0.4719626168224299
36 0.596875 0.7628504672897196 0.1484375 0.4532710280373832
18 0.16484375 0.5619158878504673 0.0515625 0.0514018691588785
18 0.325 0.5478971962616822 0.0390625 0.04906542056074766
18 0.25234375 0.552570093457944 0.05 0.0514018691588785
18 0.01015625 0.5654205607476636 0.01875 0.0794392523364486
43 0.25078125 0.6577102803738317 0.10625 0.1542056074766355
48 0.40625 0.508177570093458 0.209375 0.4602803738317757
48 0.59921875 0.5151869158878505 0.1859375 0.5163551401869159
48 0.7328125 0.7371495327102804 0.0953125 0.39953271028037385
48 0.8484375 0.7441588785046729 0.121875 0.48130841121495327
48 0.0014791875 0.0017060163551401869 0.0001666265625 0.0012608644859813084
48 0.11171875 0.552570093457944 0.0125 0.056074766355140186
48 0.68359375 0.5957943925233645 0.046875 0.14953271028037382
48 0.50625 0.5759345794392523 0.0203125 0.10046728971962617
48 0.13125 0.5584112149532711 0.0265625 0.08411214953271028
48 0.265625 0.6273364485981309 0.0765625 0.20093457943925233
48 0.07421875 0.5467289719626168 0.0125 0.056074766355140186
48 0.7765625 0.727803738317757 0.0484375 0.2850467289719626
48 0.08359375 0.5478971962616822 0.0140625 0.06775700934579439