20 0.28125 0.5847280334728033 0.559375 0.8096234309623431
41 0.73359375 0.5125523012552301 0.5296875 0.9497907949790795
12 0.2859375 0.07635983263598327 0.075 0.01882845188284519
12 0.121875 0.04079497907949791 0.0265625 0.07740585774058577
12 0.284375 0.03138075313807531 0.0828125 0.043933054393305436
12 0.28515625 0.0596234309623431 0.0796875 0.027196652719665274
12 0.28671875 0.09414225941422594 0.075 0.027196652719665274
12 0.16328125 0.03765690376569038 0.034375 0.07531380753138076
12 0.1375 0.03556485355648536 0.021875 0.06903765690376569
12 0.36015625 0.0397489539748954 0.0640625 0.02301255230125523
12 0.359375 0.058577405857740586 0.075 0.02510460251046025
12 0.10234375 0.04079497907949791 0.0421875 0.08158995815899582
12 0.365625 0.09205020920502092 0.075 0.016736401673640166
12 0.36328125 0.07740585774058577 0.071875 0.01882845188284519