76 0.946875 0.40625 0.040625 0.020833333333333332
48 0.43125 0.36770833333333336 0.38125 0.675
57 0.4671875 0.6864583333333333 0.1984375 0.24583333333333332
48 0.83984375 0.425 0.021875 0.05
48 0.96328125 0.446875 0.015625 0.06041666666666667
48 0.8921875 0.44583333333333336 0.0125 0.041666666666666664
48 0.73125 0.4197916666666667 0.0203125 0.08125
48 0.8703125 0.4239583333333333 0.0109375 0.04583333333333333
76 0.3203125 0.40625 0.0953125 0.03125
48 0.9171875 0.4375 0.01875 0.06458333333333334
48 0.809375 0.42916666666666664 0.0140625 0.058333333333333334
48 0.8921875 0.4166666666666667 0.0140625 0.029166666666666667
48 0.00154976875 0.0009433375 0.0000254640625 0.00010290833333333333
48 0.90078125 0.4239583333333333 0.00625 0.029166666666666667
48 0.9359375 0.44375 0.0203125 0.058333333333333334
48 0.8546875 0.4239583333333333 0.0125 0.035416666666666666