23 0.925 0.33984375 0.025 0.0234375
26 0.44375 0.6921875 0.8875 0.3640625
26 0.675 0.44609375 0.65 0.2359375
48 0.2635416666666667 0.2046875 0.39791666666666664 0.409375
48 0.078125 0.27265625 0.14791666666666667 0.5421875
48 0.38958333333333334 0.184375 0.38125 0.3609375
48 0.5677083333333334 0.14296875 0.30416666666666664 0.2859375
48 0.6864583333333333 0.121875 0.2125 0.2125
40 0.9635416666666666 0.5671875 0.07291666666666667 0.0421875
40 0.9510416666666667 0.53203125 0.09791666666666667 0.028125
40 0.0019563375 0.0009078609375 0.00025399375 0.000074365625
26 0.7895833333333333 0.296875 0.42083333333333334 0.0921875
26 0.5 0.890625 1 0.190625
48 0.001927475 0.0005486078125 0.00031171875000000004 0.0001535640625
25 0.5729166666666666 0.42265625 0.07916666666666666 0.0625
25 0.5177083333333333 0.33828125 0.05416666666666667 0.065625
25 0.678125 0.27265625 0.03958333333333333 0.0453125
25 0.7302083333333333 0.2640625 0.0375 0.04375
25 0.43645833333333334 0.39609375 0.07291666666666667 0.0640625
25 0.8114583333333333 0.37890625 0.0625 0.1078125
61 0.8645833333333334 0.175 0.025 0.0328125
48 0.8645833333333334 0.1140625 0.15 0.228125
48 0.12604166666666666 0.41171875 0.2520833333333333 0.1984375
53 0.8583333333333333 0.2640625 0.052083333333333336 0.015625