15 0.53359375 0.4756380510440835 0.1796875 0.1345707656612529
15 0.1671875 0.44547563805104406 0.0984375 0.08584686774941995
15 0.3203125 0.6508120649651972 0.1421875 0.12064965197215777
15 0.73046875 0.6322505800464037 0.1984375 0.10672853828306264
19 0.496875 0.5232018561484919 0.1859375 0.09280742459396751
19 0.2703125 0.7296983758700696 0.2578125 0.05568445475638051
19 0.28515625 0.43039443155452434 0.109375 0.060324825986078884
19 0.1765625 0.49071925754060325 0.175 0.12296983758700696
14 0.4546875 0.617169373549884 0.884375 0.7146171693735499
15 0.59140625 0.7157772621809745 0.0859375 0.06960556844547564
15 0.6734375 0.45011600928074247 0.1140625 0.12993039443155452
15 0.3140625 0.5011600928074246 0.159375 0.12064965197215777
15 0.20859375 0.5777262180974478 0.0890625 0.10904872389791183
15 0.553125 0.41879350348027844 0.0734375 0.0951276102088167
15 0.18515625 0.665893271461717 0.0828125 0.06496519721577726
19 0.83984375 0.5568445475638051 0.0828125 0.1368909512761021
19 0.6890625 0.6983758700696056 0.08125 0.03944315545243619
19 0.50546875 0.4280742459396752 0.0359375 0.08352668213457076