45 0.53671875 0.5176470588235295 0.30625 0.4611764705882353
45 0.525 0.17882352941176471 0.3046875 0.35764705882352943
45 0.846875 0.21764705882352942 0.3 0.3552941176470588
45 0.001328028125 0.0013777435294117647 0.00046894531249999996 0.0009147670588235294
45 0.8609375 0.8741176470588236 0.278125 0.25176470588235295
45 0.5359375 0.8458823529411764 0.3171875 0.30823529411764705
45 0.0002659671875 0.0019002917647058823 0.000531934375 0.0009053011764705883
45 0.153125 0.5411764705882353 0.303125 0.4
45 0.146875 0.19294117647058823 0.2875 0.3552941176470588
45 0.1765625 0.05176470588235294 0.2765625 0.0988235294117647
45 0.83046875 0.052941176470588235 0.2609375 0.1011764705882353