21 0.81484375 0.7885514018691588 0.140625 0.06542056074766354
48 0.83359375 0.36565420560747663 0.3328125 0.7313084112149533
48 0.6171875 0.2827102803738318 0.1703125 0.43457943925233644
48 0.42578125 0.2757009345794392 0.1578125 0.3574766355140187
48 0.203125 0.3142523364485981 0.2046875 0.5397196261682243
48 0.0015304328125 0.0005133644859813085 0.0000641359375 0.0006159929906542057
48 0.025 0.2932242990654206 0.05 0.4392523364485981
48 0.9234375 0.13901869158878505 0.0796875 0.24766355140186916
25 0.21015625 0.5992990654205608 0.075 0.12149532710280374
25 0.29921875 0.6588785046728972 0.0875 0.1425233644859813
41 0.61953125 0.5852803738317757 0.4796875 0.397196261682243
48 0.3296875 0.31542056074766356 0.0828125 0.2570093457943925
25 0.60703125 0.7371495327102804 0.1359375 0.18457943925233644
25 0.4 0.610981308411215 0.0890625 0.10981308411214953
2 0.3046875 0.33060747663551404 0.034375 0.10514018691588785
48 0.1046875 0.28154205607476634 0.0859375 0.4322429906542056