10 0.85625 0.6481994459833795 0.065625 0.0443213296398892
10 0.78984375 0.8795013850415513 0.0875 0.05817174515235457
10 0.69765625 0.8545706371191135 0.0640625 0.055401662049861494
10 0.521875 0.6731301939058172 0.0140625 0.013850415512465374
10 0.4203125 0.8476454293628809 0.1046875 0.10803324099722991
10 0.24140625 0.8559556786703602 0.0609375 0.0443213296398892
10 0.2328125 0.8656509695290858 0.0890625 0.07756232686980609
10 0.859375 0.8781163434903048 0.0375 0.05263157894736842
10 0.6015625 0.6662049861495845 0.0390625 0.038781163434903045
16 0.50390625 0.36426592797783935 0.128125 0.04709141274238227
10 0.55625 0.7465373961218836 0.025 0.01662049861495845
10 0.33125 0.6260387811634349 0.0171875 0.027700831024930747
10 0.3890625 0.5983379501385041 0.0125 0.024930747922437674
10 0.4546875 0.5872576177285319 0.0109375 0.030470914127423823
10 0.48125 0.574792243767313 0.0109375 0.01662049861495845
10 0.515625 0.8725761772853186 0.0765625 0.06925207756232687
10 0.5421875 0.5734072022160664 0.0140625 0.036011080332409975
10 0.68984375 0.3157894736842105 0.084375 0.04986149584487535
18 0.4921875 0.3808864265927978 0.0453125 0.024930747922437674
18 0.3453125 0.39196675900277006 0.0109375 0.0110803324099723
18 0.6203125 0.3781163434903047 0.04375 0.013850415512465374
18 0.6578125 0.3767313019390582 0.025 0.013850415512465374
10 0.47578125 0.16759002770083103 0.0109375 0.0221606648199446