22 0.25078125 0.7390625 0.234375 0.1140625
22 0.4390625 0.2953125 0.0484375 0.0453125
22 0.275 0.32265625 0.0515625 0.0421875
22 0.0734375 0.6 0.0828125 0.159375
22 0.20078125 0.31171875 0.071875 0.059375
26 0.2671875 0.865625 0.4640625 0.2078125
26 0.2203125 0.4375 0.209375 0.19375
26 0.17734375 0.3015625 0.0234375 0.009375
48 0.28359375 0.3765625 0.2234375 0.303125
48 0.13046875 0.38046875 0.134375 0.2765625
48 0.146875 0.23828125 0.075 0.1515625
25 0.240625 0.8921875 0.1296875 0.1484375
61 0.4859375 0.58671875 0.0359375 0.14375
14 0.55546875 0.67421875 0.184375 0.1375
74 0.21171875 0.26171875 0.0703125 0.0421875
35 0.115625 0.3625 0.1109375 0.1203125
22 0.08515625 0.4203125 0.1046875 0.196875
22 0.40703125 0.35703125 0.053125 0.128125
35 0.4640625 0.571875 0.1125 0.440625
15 0.5515625 0.6109375 0.06875 0.0453125
22 0.384375 0.44453125 0.1265625 0.1796875
26 0.4625 0.33828125 0.1421875 0.0796875
50 0.90078125 0.415625 0.1359375 0.2140625
48 0.65703125 0.525 0.55625 0.8828125