48 0.32916666666666666 0.59375 0.38333333333333336 0.628125
48 0.6510416666666666 0.4765625 0.3104166666666667 0.359375
58 0.35625 0.84375 0.7125 0.1375
58 0.9166666666666666 0.41328125 0.10625 0.0109375
48 0.921875 0.3484375 0.014583333333333334 0.0140625
48 0.013541666666666667 0.38515625 0.027083333333333334 0.0578125
48 0.30104166666666665 0.35390625 0.035416666666666666 0.075
48 0.6 0.36953125 0.035416666666666666 0.1046875
48 0.9875 0.35234375 0.014583333333333334 0.015625
48 0.9333333333333333 0.34921875 0.010416666666666666 0.0140625
58 0.30104166666666665 0.3890625 0.052083333333333336 0.003125
48 0.9177083333333333 0.38671875 0.05625 0.0484375
58 0.6385416666666667 0.64921875 0.37916666666666665 0.0625
58 0.55625 0.41796875 0.05416666666666667 0.00625