75 0.65 0.28933333333333333 0.246 0.296
13 0.522 0.524 0.04 0.11733333333333333
13 0.138 0.6 0.048 0.12
44 0.559 0.5013333333333333 0.032 0.056
44 0.804 0.7626666666666667 0.04 0.05333333333333334
38 0.647 0.732 0.25 0.13866666666666666
12 0.237 0.7333333333333333 0.174 0.168
12 0.086 0.7413333333333333 0.128 0.16266666666666665
21 0.491 0.7266666666666667 0.048 0.058666666666666666
12 0.181 0.8146666666666667 0.074 0.056
12 0.168 0.7373333333333333 0.124 0.176
23 0.271 0.5533333333333333 0.058 0.04
66 0.681 0.042666666666666665 0.088 0.08533333333333333