22 0.7936746987951807 0.577 0.4126506024096386 0.31
26 0.001511105421686747 0.00164326 0.0030018885542168676 0.0006322799999999999
28 0.6536144578313253 0.825 0.3644578313253012 0.126
28 0.7469879518072289 0.928 0.3825301204819277 0.122
28 0.39006024096385544 0.925 0.3825301204819277 0.15
22 0.9367469879518072 0.366 0.12349397590361445 0.092
22 0.05120481927710843 0.458 0.09939759036144578 0.146
22 0.7033132530120482 0.369 0.1746987951807229 0.1
26 0.8358433734939759 0.509 0.32831325301204817 0.248
48 0.4292168674698795 0.532 0.5271084337349398 0.562
22 0.1927710843373494 0.423 0.12349397590361445 0.194
22 0.10692771084337349 0.68 0.21385542168674698 0.322
22 0.9533132530120482 0.465 0.09337349397590361 0.222
26 0.8298192771084337 0.347 0.10542168674698796 0.028