16 0.0006846921875 0.0013061854166666667 0.0012482421875 0.0015542979166666667
21 0.84140625 0.9291666666666667 0.0625 0.14166666666666666
72 0.8921875 0.6 0.0171875 0.075
72 0.9171875 0.6020833333333333 0.0171875 0.0625
48 0.70390625 0.3927083333333333 0.0296875 0.10416666666666667
48 0.4 0.2916666666666667 0.14375 0.21666666666666667
48 0.2875 0.30416666666666664 0.1125 0.2375
48 0.17890625 0.3020833333333333 0.13125 0.24791666666666667
48 0.10625 0.31145833333333334 0.1109375 0.23333333333333334
48 0.5453125 0.3020833333333333 0.0890625 0.19583333333333333
48 0.50078125 0.85 0.10625 0.225
48 0.6796875 0.940625 0.1671875 0.09583333333333334
48 0.5984375 0.359375 0.0828125 0.16666666666666666
48 0.9109375 0.8947916666666667 0.178125 0.18958333333333333
72 0.98359375 0.6177083333333333 0.0125 0.041666666666666664
72 0.84609375 0.59375 0.015625 0.08958333333333333
72 0.86171875 0.60625 0.0171875 0.05625
48 0.6703125 0.3958333333333333 0.05625 0.08958333333333333
48 0.49140625 0.24791666666666667 0.0578125 0.13541666666666666
48 0.6421875 0.3541666666666667 0.0484375 0.11666666666666667