26 0.89921875 0.4934725848563969 0.2015625 0.1122715404699739
26 0.1046875 0.4360313315926893 0.20625 0.0835509138381201
26 0.24765625 0.3381201044386423 0.2109375 0.05221932114882506
26 0.37421875 0.3563968668407311 0.0796875 0.09660574412532637
48 0.6484375 0.4934725848563969 0.5640625 0.9817232375979112
48 0.06015625 0.5548302872062664 0.11875 0.6031331592689295
48 0.07421875 0.3433420365535248 0.1375 0.39947780678851175
48 0.001457959375 0.0006810339425587468 0.00020908281249999998 0.0009871227154046997
49 0.359375 0.8002610966057441 0.403125 0.39425587467362927
25 0.10546875 0.37989556135770236 0.0328125 0.09660574412532637
26 0.80234375 0.2989556135770235 0.0796875 0.015665796344647518
26 0.7703125 0.34073107049608353 0.0375 0.06266318537859007
26 0.82265625 0.30156657963446476 0.1171875 0.04699738903394256
51 0.765625 0.21671018276762402 0.0296875 0.1462140992167102
8 0.20703125 0.6488250652741514 0.1703125 0.25326370757180156
8 0.21171875 0.4960835509138381 0.128125 0.09138381201044386
8 0.35703125 0.40339425587467365 0.121875 0.020887728459530026
8 0.7875 0.391644908616188 0.0390625 0.018276762402088774
22 0.2484375 0.6005221932114883 0.015625 0.057441253263707574
22 0.3109375 0.42297650130548303 0.1640625 0.020887728459530026
26 0.84765625 0.2754569190600522 0.071875 0.007832898172323759
8 0.80625 0.39425587467362927 0.0953125 0.08877284595300261
8 0.8171875 0.3825065274151436 0.115625 0.09399477806788512
8 0.9609375 0.8798955613577023 0.078125 0.10704960835509138
8 0.93359375 0.6331592689295039 0.1328125 0.0783289817232376