48 0.740625 0.7270833333333333 0.15 0.4479166666666667
48 0.8875 0.58125 0.1109375 0.3416666666666667
48 0.834375 0.50625 0.04375 0.15416666666666667
48 0.7734375 0.528125 0.0640625 0.14375
48 0.803125 0.5177083333333333 0.03125 0.13541666666666666
64 0.31484375 0.5666666666666667 0.109375 0.5770833333333333
35 0.7640625 0.534375 0.0140625 0.05
64 0.43984375 0.5177083333333333 0.084375 0.37916666666666665
64 0.384375 0.5364583333333334 0.09375 0.46875
64 0.0734375 0.259375 0.146875 0.5125
64 0.20859375 0.052083333333333336 0.1828125 0.10416666666666667
64 0.309375 0.078125 0.1296875 0.15416666666666667
64 0.19453125 0.4510416666666667 0.15625 0.43333333333333335
64 0.61953125 0.903125 0.109375 0.19375
64 0.078125 0.815625 0.1484375 0.33958333333333335
64 0.52109375 0.21145833333333333 0.06875 0.14791666666666667
64 0.15390625 0.784375 0.28125 0.4
64 0.46171875 0.8822916666666667 0.09375 0.2
64 0.000802503125 0.0017842458333333334 0.00013513125 0.0005981770833333334