9 0.4479166666666667 0.54609375 0.15416666666666667 0.0953125
9 0.4 0.56640625 0.15625 0.0890625
9 0.37604166666666666 0.63515625 0.14791666666666667 0.071875
9 0.2625 0.759375 0.17083333333333334 0.0734375
9 0.59375 0.3296875 0.15 0.08125
9 0.5541666666666667 0.43828125 0.14166666666666666 0.053125
9 0.4552083333333333 0.490625 0.14375 0.0859375
9 0.3645833333333333 0.58671875 0.16458333333333333 0.0859375
9 0.26458333333333334 0.71484375 0.15208333333333332 0.08125
9 0.184375 0.83828125 0.17708333333333334 0.090625
9 0.13645833333333332 0.859375 0.15416666666666667 0.09375
9 0.00022235208333333333 0.0014815921875 0.00039748333333333334 0.0001618171875
9 0.4895833333333333 0.4609375 0.12291666666666666 0.0890625
48 0.784375 0.7078125 0.0625 0.075
48 0.84375 0.13984375 0.052083333333333336 0.1171875
48 0.9239583333333333 0.41484375 0.08125 0.10625
48 0.9552083333333333 0.12109375 0.0625 0.1234375
48 0.9145833333333333 0.10078125 0.04583333333333333 0.0703125
9 0.278125 0.68984375 0.16041666666666668 0.103125
18 0.5770833333333333 0.17734375 0.27291666666666664 0.2390625
18 0.25625 0.5078125 0.36875 0.328125
48 0.5739583333333333 0.5453125 0.09375 0.08125
76 0.9072916666666667 0.571875 0.18541666666666667 0.19375
48 0.9583333333333334 0.04921875 0.05416666666666667 0.0609375
48 0.959375 0.4546875 0.07708333333333334 0.0640625
18 0.0375 0.78515625 0.075 0.153125
22 0.7447916666666666 0.92578125 0.16041666666666668 0.121875
48 0.9114583333333334 0.15859375 0.07916666666666666 0.1140625