28 0.45703125 0.403125 0.25625 0.3375
28 0.6328125 0.31354166666666666 0.1328125 0.2708333333333333
28 0.63203125 0.13958333333333334 0.1015625 0.09791666666666667
28 0.4640625 0.18645833333333334 0.2578125 0.25416666666666665
28 0.30859375 0.36041666666666666 0.0703125 0.21458333333333332
28 0.09765625 0.5291666666666667 0.1921875 0.28958333333333336
28 0.2 0.1625 0.13125 0.15416666666666667
28 0.084375 0.23645833333333333 0.1546875 0.2
28 0.1921875 0.33229166666666665 0.1296875 0.19375
28 0.06796875 0.3333333333333333 0.1359375 0.28958333333333336
28 0.33359375 0.21770833333333334 0.0328125 0.08333333333333333
28 0.6171875 0.08020833333333334 0.096875 0.0875
28 0.2453125 0.24479166666666666 0.0953125 0.12291666666666666