10 0.70078125 0.09953161592505855 0.0390625 0.03981264637002342
48 0.25234375 0.680327868852459 0.265625 0.6088992974238876
48 0.50078125 0.5351288056206089 0.0921875 0.16159250585480095
48 0.60703125 0.6206088992974239 0.134375 0.32084309133489464
48 0.4578125 0.7552693208430913 0.1296875 0.18501170960187355
48 0.690625 0.6053864168618267 0.0640625 0.11943793911007025
10 0.4515625 0.15807962529274006 0.040625 0.07728337236533958
10 0.80078125 0.11007025761124122 0.0296875 0.0468384074941452
10 0.92734375 0.07962529274004684 0.0484375 0.06791569086651054
10 0.4734375 0.1522248243559719 0.075 0.16393442622950818
10 0.00703125 0.8548009367681498 0.0140625 0.03044496487119438
10 0.0828125 0.860655737704918 0.0125 0.02576112412177986
10 0.6609375 0.6662763466042154 0.0390625 0.0702576112412178
48 0.4140625 0.5491803278688525 0.0765625 0.1405152224824356