13 0.1328125 0.26145833333333335 0.1984375 0.4708333333333333
31 0.075 0.7354166666666667 0.15 0.18958333333333333
17 0.8203125 0.45729166666666665 0.1671875 0.15416666666666667
17 0.86328125 0.27395833333333336 0.2734375 0.19791666666666666
17 0.12890625 0.6052083333333333 0.159375 0.3125
28 0.43125 0.3125 0.1421875 0.15
28 0.33515625 0.26875 0.134375 0.15
28 0.30390625 0.3541666666666667 0.15 0.14375
28 0.3625 0.4322916666666667 0.1484375 0.12708333333333333
28 0.48671875 0.3854166666666667 0.1234375 0.13333333333333333
13 0.6328125 0.2 0.1828125 0.4