48 0.621 0.8765060240963856 0.062 0.2469879518072289
48 0.499 0.9593373493975904 0.056 0.08132530120481928
48 0.761 0.8659638554216867 0.062 0.2620481927710843
48 0.343 0.5195783132530121 0.05 0.12048192771084337
48 0.864 0.875 0.102 0.2469879518072289
48 0.409 0.7168674698795181 0.066 0.22289156626506024
48 0.684 0.8644578313253012 0.07 0.2469879518072289
48 0.00080804 0.0025991626506024095 0.0001116 0.0008257740963855422
48 0.419 0.588855421686747 0.038 0.14156626506024098
48 0.175 0.5647590361445783 0.022 0.03313253012048193
48 0.317 0.8057228915662651 0.074 0.20180722891566266
11 0.471 0.09939759036144578 0.044 0.06626506024096386
11 0.755 0.2936746987951807 0.144 0.18674698795180722
11 0.62 0.2816265060240964 0.046 0.0963855421686747
48 0.032 0.7530120481927711 0.064 0.21987951807228914
11 0.829 0.060240963855421686 0.074 0.03614457831325301
11 0.337 0.09487951807228916 0.06 0.05120481927710843
11 0.893 0.26957831325301207 0.088 0.14759036144578314
11 0.697 0.08283132530120482 0.03 0.045180722891566265
11 0.93 0.05120481927710843 0.048 0.08734939759036145
11 0.88 0.016566265060240965 0.048 0.024096385542168676
48 0.534 0.8554216867469879 0.062 0.2891566265060241
11 0.965 0.03765060240963856 0.048 0.02108433734939759
11 0.568 0.03765060240963856 0.018 0.07530120481927711
11 0.337 0.21686746987951808 0.066 0.1927710843373494
11 0.065 0.13704819277108435 0.102 0.0391566265060241