78 0.08984375 0.21458333333333332 0.1796875 0.425
14 0.553125 0.5270833333333333 0.76875 0.6041666666666666
1 0.43828125 0.6260416666666667 0.1921875 0.20833333333333334
1 0.5015625 0.46979166666666666 0.1734375 0.16666666666666666
1 0.68515625 0.5635416666666667 0.3265625 0.3145833333333333
45 0.440625 0.3 0.16875 0.22708333333333333
45 0.3015625 0.3927083333333333 0.1515625 0.23125
45 0.425 0.14479166666666668 0.1484375 0.15833333333333333
45 0.56484375 0.203125 0.140625 0.16666666666666666
14 0.86875 0.9302083333333333 0.2625 0.10833333333333334
14 0.29140625 0.8989583333333333 0.4921875 0.17916666666666667
45 0.3453125 0.5385416666666667 0.15 0.22291666666666668
45 0.3515625 0.265625 0.0671875 0.0875
77 0.35 0.134375 0.278125 0.26458333333333334
1 0.6359375 0.36354166666666665 0.18125 0.2375
26 0.4625 0.5 0.925 0.9958333333333333