62 0.67421875 0.8021077283372365 0.0140625 0.02107728337236534
48 0.65625 0.5831381733021077 0.0828125 0.41920374707259955
48 0.790625 0.4964871194379391 0.1421875 0.5667447306791569
48 0.5078125 0.5374707259953162 0.1015625 0.5292740046838408
48 0.35234375 0.48360655737704916 0.1125 0.4168618266978923
48 0.1609375 0.5667447306791569 0.18125 0.5456674473067916
67 0.4921875 0.48009367681498827 0.0875 0.17798594847775176
67 0.140625 0.5468384074941453 0.0390625 0.07962529274004684
67 0.34921875 0.5644028103044496 0.125 0.07728337236533958
67 0.725 0.4894613583138173 0.0265625 0.09601873536299765
67 0.6875 0.7213114754098361 0.05 0.09133489461358314
74 0.91171875 0.21428571428571427 0.1765625 0.4168618266978923