50 0.40703125 0.4930555555555556 0.084375 0.16111111111111112
50 0.42890625 0.33055555555555555 0.0875 0.36944444444444446
50 0.25234375 0.36527777777777776 0.046875 0.18055555555555555
50 0.259375 0.5555555555555556 0.0390625 0.19722222222222222
50 0.7046875 0.4027777777777778 0.078125 0.4111111111111111
50 0.71328125 0.775 0.096875 0.2777777777777778
22 0.44765625 0.6347222222222222 0.121875 0.21944444444444444
8 0.49375 0.7763888888888889 0.221875 0.44166666666666665
8 0.534375 0.6222222222222222 0.190625 0.2361111111111111
8 0.2515625 0.8930555555555556 0.184375 0.18611111111111112
8 0.10859375 0.6777777777777778 0.2171875 0.17222222222222222
8 0.73828125 0.6375 0.0953125 0.19722222222222222
8 0.61015625 0.5513888888888889 0.1546875 0.1111111111111111
8 0.87578125 0.5513888888888889 0.1984375 0.06388888888888888
8 0.78203125 0.6444444444444445 0.0921875 0.18888888888888888
22 0.32265625 0.6097222222222223 0.1046875 0.21388888888888888
22 0.38828125 0.6333333333333333 0.10625 0.25555555555555554
22 0.91015625 0.7694444444444445 0.1546875 0.20833333333333334
22 0.6171875 0.8611111111111112 0.115625 0.2722222222222222
8 0.14140625 0.8402777777777778 0.2828125 0.2222222222222222
33 0.4578125 0.38472222222222224 0.1234375 0.2638888888888889
50 0.5640625 0.40555555555555556 0.1609375 0.13333333333333333
50 0.87578125 0.6638888888888889 0.2484375 0.18333333333333332
50 0.9640625 0.46944444444444444 0.071875 0.21666666666666667
50 0.3078125 0.5597222222222222 0.1015625 0.25
22 0.23203125 0.9 0.2171875 0.2
26 0.89921875 0.9166666666666666 0.2015625 0.16666666666666666