48 0.35 0.403125 0.3020833333333333 0.6671875
48 0.00165340625 0.000793653125 0.0008598520833333333 0.0015376953125
14 0.46041666666666664 0.94453125 0.25 0.1109375
49 0.0014934895833333334 0.001501453125 0.0005597229166666666 0.00012209531250000001
49 0.6729166666666667 0.7984375 0.2 0.1453125
48 0.7145833333333333 0.5328125 0.5708333333333333 0.4453125
48 0.18333333333333332 0.565625 0.36666666666666664 0.86875
48 0.7020833333333333 0.71953125 0.5958333333333333 0.48125
14 0.5947916666666667 0.87109375 0.22291666666666668 0.115625
14 0.3927083333333333 0.859375 0.1875 0.115625
14 0.5125 0.64453125 0.14583333333333334 0.0671875
14 0.48020833333333335 0.6046875 0.09166666666666666 0.034375
14 0.5895833333333333 0.5609375 0.07708333333333334 0.0328125
14 0.428125 0.58671875 0.027083333333333334 0.0296875
14 0.3333333333333333 0.6421875 0.06458333333333334 0.06875
49 0.278125 0.778125 0.11458333333333333 0.0734375