36 0.23984375 0.5082159624413145 0.040625 0.06338028169014084
36 0.34296875 0.5176056338028169 0.0515625 0.07981220657276995
48 0.25546875 0.4671361502347418 0.0078125 0.04460093896713615
48 0.24375 0.4671361502347418 0.0078125 0.04225352112676056
36 0.721875 0.5446009389671361 0.0546875 0.0539906103286385
36 0.76875 0.5446009389671361 0.0390625 0.06338028169014084
36 0.6703125 0.5563380281690141 0.0296875 0.07511737089201878
36 0.803125 0.5516431924882629 0.03125 0.056338028169014086
2 0.453125 0.5070422535211268 0.0140625 0.023474178403755867
48 0.459375 0.5269953051643192 0.0140625 0.09389671361502347
48 0.07265625 0.5293427230046949 0.0734375 0.025821596244131457