58 0.696875 0.8414948453608248 0.25 0.09278350515463918
58 0.290625 0.7525773195876289 0.0984375 0.06701030927835051
58 0.35234375 0.9381443298969072 0.375 0.10051546391752578
58 0.90703125 0.7229381443298969 0.1171875 0.04639175257731959
58 0.07265625 0.8414948453608248 0.1078125 0.05412371134020619
58 0.91796875 0.5502577319587629 0.0578125 0.023195876288659795
58 0.23671875 0.6417525773195877 0.140625 0.02577319587628866
48 0.08125 0.11211340206185567 0.0328125 0.06443298969072164
48 0.9125 0.44329896907216493 0.171875 0.5463917525773195
48 0.2171875 0.2615979381443299 0.0953125 0.42783505154639173
48 0.265625 0.1172680412371134 0.046875 0.13144329896907217
48 0.8421875 0.211340206185567 0.0125 0.030927835051546393
48 0.88203125 0.31958762886597936 0.0890625 0.3556701030927835
48 0.59375 0.38273195876288657 0.103125 0.38917525773195877
48 0.72734375 0.42912371134020616 0.1828125 0.8221649484536082
48 0.0875 0.48582474226804123 0.1734375 0.7139175257731959
48 0.35390625 0.4213917525773196 0.14375 0.654639175257732
48 0.0515625 0.10695876288659793 0.028125 0.05670103092783505
48 0.46015625 0.2706185567010309 0.246875 0.4793814432989691
48 0.540625 0.40335051546391754 0.1109375 0.5721649484536082
58 0.62734375 0.5335051546391752 0.0421875 0.01804123711340206
58 0.85625 0.4961340206185567 0.053125 0.041237113402061855
58 0.43125 0.6868556701030928 0.009375 0.020618556701030927
58 0.51953125 0.6868556701030928 0.0140625 0.010309278350515464