68 0.553125 0.35396039603960394 0.01875 0.10396039603960396
68 0.8421875 0.36303630363036304 0.04375 0.1782178217821782
68 0.88828125 0.3943894389438944 0.0453125 0.17326732673267325
68 0.93203125 0.3943894389438944 0.053125 0.21287128712871287
68 0.9578125 0.6278877887788779 0.0625 0.21617161716171618
68 0.89140625 0.5882838283828383 0.0421875 0.16996699669966997
68 0.89921875 0.7615511551155115 0.0453125 0.17326732673267325
68 0.846875 0.7252475247524752 0.04375 0.1716171617161716
68 0.93984375 0.8201320132013201 0.05625 0.22772277227722773
68 0.84921875 0.5445544554455446 0.040625 0.14026402640264027
68 0.19609375 0.334983498349835 0.0484375 0.03135313531353135
68 0.875 0.9191419141914191 0.075 0.037953795379537955
68 0.93359375 0.17986798679867988 0.0265625 0.20132013201320131