75 0.91171875 0.8574821852731591 0.1671875 0.25415676959619954
13 0.559375 0.9073634204275535 0.0234375 0.07600950118764846
48 0.000926196875 0.0013798171021377672 0.000646728125 0.001990961995249406
48 0.571875 0.6163895486935868 0.40625 0.7410926365795725
68 0.0007924921874999999 0.0017379453681710213 0.000151928125 0.0012747054631828977
25 0.41640625 0.7410926365795725 0.090625 0.1496437054631829
12 0.05546875 0.7684085510688836 0.1078125 0.1543942992874109
12 0.0515625 0.9192399049881235 0.1015625 0.12589073634204276
12 0.06875 0.5629453681710214 0.015625 0.06413301662707839
12 0.0265625 0.6175771971496437 0.0078125 0.06413301662707839
12 0.03359375 0.6116389548693587 0.0078125 0.0688836104513064
48 0.0003234984375 0.0018144228028503563 0.0004634515625 0.001121750593824228