61 0.8802083333333334 0.4625 0.23958333333333334 0.253125
14 0.5 0.58359375 1 0.784375
15 0.6864583333333333 0.74609375 0.29791666666666666 0.234375
15 0.32916666666666666 0.73046875 0.48333333333333334 0.2328125
15 0.64375 0.57578125 0.29375 0.2640625
15 0.853125 0.43203125 0.2916666666666667 0.128125
15 0.8572916666666667 0.6578125 0.28125 0.2421875
15 0.721875 0.34609375 0.17291666666666666 0.1296875
19 0.38125 0.41875 0.12083333333333333 0.05
19 0.4666666666666667 0.43046875 0.07708333333333334 0.065625
19 0.66875 0.30234375 0.04583333333333333 0.03125