48 0.39 0.49130434782608695 0.244 0.8927536231884058
48 0.959 0.20144927536231885 0.038 0.14492753623188406
48 0.84 0.1289855072463768 0.05 0.09855072463768116
48 0.178 0.1289855072463768 0.034 0.07246376811594203
48 0.606 0.20579710144927535 0.034 0.11594202898550725
48 0.794 0.2318840579710145 0.032 0.06376811594202898
48 0.743 0.13043478260869565 0.03 0.0927536231884058
48 0.808 0.16956521739130434 0.034 0.0927536231884058
48 0.507 0.08985507246376812 0.03 0.0927536231884058
48 0.26 0.15797101449275364 0.024 0.06086956521739131
48 0.121 0.06231884057971015 0.022 0.04927536231884058
48 0.577 0.2565217391304348 0.05 0.05217391304347826
48 0.086 0.20579710144927535 0.052 0.14202898550724638
5 0.481 0.9028985507246376 0.076 0.06086956521739131