4 0.86796875 0.3072916666666667 0.1484375 0.041666666666666664
5 0.3859375 0.640625 0.0765625 0.06458333333333334
48 0.24296875 0.696875 0.36875 0.44166666666666665
48 0.06640625 0.5541666666666667 0.13125 0.37916666666666665
48 0.72890625 0.5802083333333333 0.3625 0.6416666666666667
48 0.58203125 0.48125 0.11875 0.36666666666666664
48 0.3921875 0.3104166666666667 0.1046875 0.2604166666666667
48 0.3296875 0.27291666666666664 0.0890625 0.32083333333333336
48 0.22734375 0.27395833333333336 0.1875 0.30833333333333335
48 0.08125 0.2989583333333333 0.1484375 0.3333333333333333
8 0.47109375 0.6447916666666667 0.340625 0.058333333333333334
8 0.490625 0.34479166666666666 0.10625 0.075
48 0.2109375 0.43854166666666666 0.178125 0.2916666666666667
48 0.40625 0.46979166666666666 0.128125 0.30625
8 0.3734375 0.49270833333333336 0.321875 0.20833333333333334