14 0.757 0.7523809523809524 0.422 0.4928571428571429
14 0.307 0.7095238095238096 0.466 0.5523809523809524
14 0.661 0.29285714285714287 0.464 0.5476190476190477
14 0.237 0.22976190476190475 0.418 0.42857142857142855
15 0.615 0.10952380952380952 0.074 0.10238095238095238
15 0.685 0.3821428571428571 0.092 0.1380952380952381
15 0.601 0.41904761904761906 0.052 0.047619047619047616
19 0.832 0.2869047619047619 0.072 0.06666666666666667
15 0.761 0.3773809523809524 0.1 0.1261904761904762
15 0.712 0.13333333333333333 0.056 0.05714285714285714
15 0.501 0.18214285714285713 0.052 0.05952380952380952
15 0.532 0.36547619047619045 0.084 0.12380952380952381
15 0.493 0.2654761904761905 0.066 0.05952380952380952
19 0.768 0.2892857142857143 0.028 0.05238095238095238
19 0.556 0.1488095238095238 0.052 0.04047619047619048