11 0.52265625 0.515625 0.403125 0.10625
48 0.45234375 0.47291666666666665 0.0140625 0.027083333333333334
48 0.43984375 0.4739583333333333 0.0125 0.027083333333333334
48 0.42265625 0.48020833333333335 0.0234375 0.035416666666666666
48 0.40078125 0.48125 0.015625 0.03958333333333333
48 0.1015625 0.4864583333333333 0.0109375 0.014583333333333334
48 0.13671875 0.48541666666666666 0.015625 0.025
48 0.0828125 0.4895833333333333 0.0125 0.010416666666666666
48 0.1078125 0.4875 0.0078125 0.014583333333333334
48 0.3703125 0.43854166666666666 0.0078125 0.022916666666666665
48 0.4171875 0.43854166666666666 0.0046875 0.020833333333333332
11 0.078125 0.49583333333333335 0.13125 0.05625
48 0.27578125 0.43854166666666666 0.00625 0.025
48 0.0453125 0.4875 0.015625 0.010416666666666666