48 0.40078125 0.636150234741784 0.1390625 0.5985915492957746
48 0.3734375 0.16549295774647887 0.0984375 0.3215962441314554
48 0.80625 0.3368544600938967 0.1609375 0.43661971830985913
48 0.77421875 0.7136150234741784 0.1734375 0.5492957746478874
48 0.13828125 0.1255868544600939 0.0765625 0.24647887323943662
5 0.34453125 0.4354460093896714 0.0390625 0.08685446009389672
5 0.41171875 0.18427230046948356 0.0234375 0.046948356807511735
22 0.27578125 0.017605633802816902 0.0453125 0.028169014084507043
48 0.57578125 0.025821596244131457 0.05625 0.051643192488262914
48 0.6140625 0.02699530516431925 0.0296875 0.04225352112676056
48 0.7890625 0.029342723004694836 0.025 0.023474178403755867
48 0.1859375 0.035211267605633804 0.01875 0.03755868544600939
48 0.734375 0.022300469483568074 0.05 0.04460093896713615
22 0.3203125 0.028169014084507043 0.0453125 0.046948356807511735
22 0.2734375 0.04225352112676056 0.0484375 0.023474178403755867
48 0.68984375 0.014084507042253521 0.03125 0.025821596244131457
22 0.45234375 0.025821596244131457 0.04375 0.04225352112676056