62 0.528125 0.2421875 0.020833333333333332 0.0125
22 0.63125 0.2828125 0.027083333333333334 0.090625
8 0.04479166666666667 0.115625 0.08958333333333333 0.009375
67 0.48020833333333335 0.296875 0.06458333333333334 0.13125
2 0.8239583333333333 0.3421875 0.09166666666666666 0.046875
48 0.5541666666666667 0.42265625 0.21458333333333332 0.40625
48 0.603125 0.26640625 0.07916666666666666 0.13125
48 0.7510416666666667 0.13828125 0.08125 0.10625
48 0.32395833333333335 0.13984375 0.09166666666666666 0.1046875
48 0.39791666666666664 0.13984375 0.07291666666666667 0.103125
48 0.46458333333333335 0.09765625 0.07291666666666667 0.090625
48 0.6791666666666667 0.13359375 0.08125 0.109375
48 0.534375 0.1515625 0.06666666666666667 0.0828125
48 0.8947916666666667 0.13671875 0.075 0.0984375
48 0.60625 0.0828125 0.07708333333333334 0.071875
48 0.11666666666666667 0.14765625 0.08958333333333333 0.0984375
48 0.8270833333333333 0.13515625 0.08958333333333333 0.1140625
22 0.9552083333333333 0.30625 0.08958333333333333 0.1109375
8 0.040625 0.078125 0.075 0.0125
48 0.2552083333333333 0.1421875 0.09583333333333334 0.1046875