5 0.6791666666666667 0.50078125 0.041666666666666664 0.03125
5 0.7145833333333333 0.6984375 0.04583333333333333 0.03125
48 0.653125 0.69375 0.16666666666666666 0.29375
48 0.546875 0.4640625 0.17291666666666666 0.26875
48 0.8916666666666667 0.296875 0.11041666666666666 0.053125
48 0.6625 0.4890625 0.17083333333333334 0.1671875
48 0.9697916666666667 0.28671875 0.06041666666666667 0.0765625
48 0.7822916666666667 0.28984375 0.10833333333333334 0.071875
48 0.73125 0.2578125 0.058333333333333334 0.078125
48 0.6854166666666667 0.28046875 0.1125 0.0875
48 0.39375 0.18984375 0.05625 0.0359375
48 0.103125 0.17578125 0.04583333333333333 0.0515625
48 0.9625 0.24453125 0.06875 0.0859375
48 0.9145833333333333 0.2625 0.07291666666666667 0.1015625
4 0.6041666666666666 0.38359375 0.05 0.03125
62 0.5885416666666666 0.7 0.01875 0.015625
48 0.878125 0.203125 0.11875 0.09375