57 0.3618266978922717 0.590625 0.1288056206088993 0.134375
57 0.8126463700234192 0.6984375 0.08665105386416862 0.01875
48 0.4496487119437939 0.4234375 0.5362997658079626 0.44375
48 0.8360655737704918 0.65546875 0.09601873536299765 0.0921875
48 0.7740046838407494 0.62890625 0.03981264637002342 0.0671875
48 0.7306791569086651 0.63984375 0.053864168618266976 0.1078125
48 0.6709601873536299 0.6375 0.06088992974238876 0.1046875
48 0.927400468384075 0.64453125 0.05152224824355972 0.0875
48 0.13114754098360656 0.57734375 0.0468384074941452 0.071875
48 0.16276346604215455 0.5734375 0.04215456674473068 0.0828125
48 0.20491803278688525 0.58984375 0.053864168618266976 0.0734375
48 0.8782201405152225 0.65625 0.05152224824355972 0.1046875
48 0.6264637002341921 0.6359375 0.04215456674473068 0.096875
48 0.9098360655737705 0.6484375 0.02810304449648712 0.0765625
57 0.6428571428571429 0.6609375 0.02576112412177986 0.0484375
48 0.01873536299765808 0.565625 0.03044496487119438 0.0609375