32 0.46875 0.318075117370892 0.0484375 0.04460093896713615
48 0.91796875 0.6737089201877934 0.1640625 0.2605633802816901
48 0.5 0.5046948356807511 0.1046875 0.4014084507042254
48 0.73671875 0.6338028169014085 0.1640625 0.687793427230047
48 0.30546875 0.5657276995305164 0.16875 0.5892018779342723
48 0.678125 0.3814553990610329 0.0125 0.09624413145539906
48 0.9703125 0.4295774647887324 0.021875 0.11032863849765258
48 0.58984375 0.37910798122065725 0.0203125 0.107981220657277
48 0.54921875 0.3779342723004695 0.01875 0.1056338028169014
48 0.603125 0.3779342723004695 0.0140625 0.11032863849765258
48 0.6390625 0.3814553990610329 0.021875 0.11971830985915492
48 0.796875 0.40023474178403756 0.01875 0.09389671361502347
48 0.690625 0.37089201877934275 0.0171875 0.08685446009389672
48 0.55703125 0.3755868544600939 0.0171875 0.11737089201877934