18 0.92 0.58 0.154 0.14153846153846153
18 0.806 0.563076923076923 0.052 0.08923076923076922
18 0.739 0.556923076923077 0.04 0.05846153846153846
43 0.373 0.816923076923077 0.366 0.3353846153846154
48 0.56 0.6815384615384615 0.12 0.36615384615384616
48 0.198 0.5646153846153846 0.118 0.15384615384615385
48 0.07 0.6507692307692308 0.086 0.38153846153846155
48 0.347 0.7 0.122 0.4492307692307692
43 0.07 0.796923076923077 0.138 0.2123076923076923
43 0.256 0.6661538461538462 0.062 0.11692307692307692
48 0.859 0.5492307692307692 0.014 0.04
48 0.732 0.5553846153846154 0.032 0.08
43 0.586 0.7738461538461539 0.27 0.26153846153846155
48 0.841 0.5707692307692308 0.03 0.09230769230769231
18 0.404 0.54 0.104 0.07692307692307693
18 0.452 0.56 0.024 0.036923076923076927
18 0.651 0.5446153846153846 0.022 0.027692307692307693
18 0.188 0.5123076923076924 0.094 0.055384615384615386
43 0.198 0.823076923076923 0.06 0.11384615384615385
43 0.205 0.6846153846153846 0.07 0.18461538461538463
48 0.591 0.5523076923076923 0.032 0.07384615384615385
48 0.584 0.5292307692307693 0.014 0.036923076923076927
48 0.131 0.6784615384615384 0.124 0.39384615384615385