68 0.48430962343096234 0.30546875 0.03556485355648536 0.1484375
18 0.8441422594142259 0.17109375 0.29707112970711297 0.0671875
48 0.4989539748953975 0.49375 0.4205020920502092 0.9578125
48 0.22384937238493724 0.1703125 0.06485355648535565 0.09375
48 0.11297071129707113 0.2 0.12552301255230125 0.20625
48 0.2730125523012552 0.1703125 0.0397489539748954 0.10625
48 0.32217573221757323 0.16875 0.04184100418410042 0.1
48 0.4089958158995816 0.16484375 0.056485355648535567 0.1109375
48 0.37552301255230125 0.1734375 0.04184100418410042 0.1046875
35 0.3786610878661088 0.15546875 0.03556485355648536 0.0390625
18 0.01882845188284519 0.16953125 0.03556485355648536 0.0265625
35 0.6202928870292888 0.7359375 0.20502092050209206 0.1890625
48 0.3064853556485356 0.17578125 0.02510460251046025 0.0625