48 0.6902086677367576 0.4640625 0.4622792937399679 0.8890625
48 0.13964686998394862 0.1765625 0.2375601926163724 0.3390625
48 0.46869983948635635 0.15234375 0.22953451043338685 0.3015625
61 0.7479935794542536 0.821875 0.11235955056179775 0.0875
61 0.17736757624398075 0.84453125 0.06902086677367576 0.171875
22 0.8515248796147673 0.17421875 0.10112359550561797 0.153125
48 0.586677367576244 0.1859375 0.09470304975922954 0.165625
48 0.0666131621187801 0.4796875 0.1332263242375602 0.64375
48 0.28731942215088285 0.4140625 0.45746388443017655 0.821875
40 0.27929373996789725 0.60703125 0.15890850722311398 0.0796875
48 0.9101123595505618 0.3515625 0.17656500802568217 0.6265625
61 0.7191011235955056 0.85078125 0.08186195826645265 0.08125