10 0.19375 0.38325471698113206 0.0125 0.01179245283018868
10 0.16875 0.38089622641509435 0.025 0.02122641509433962
10 0.5 0.43278301886792453 0.0171875 0.01650943396226415
10 0.50703125 0.44457547169811323 0.0203125 0.01179245283018868
10 0.56171875 0.4481132075471698 0.028125 0.02122641509433962
36 0.35546875 0.5943396226415094 0.190625 0.20047169811320756
36 0.328125 0.6261792452830188 0.1375 0.12264150943396226
10 0.5 0.5636792452830188 0.0125 0.014150943396226415
10 0.47578125 0.4209905660377358 0.0140625 0.02358490566037736
10 0.2140625 0.6839622641509434 0.0078125 0.01179245283018868
10 0.596875 0.5200471698113207 0.00625 0.01179245283018868
10 0.13046875 0.4268867924528302 0.0109375 0.009433962264150943
10 0.1953125 0.6839622641509434 0.009375 0.007075471698113208
10 0.53828125 0.44339622641509435 0.0171875 0.014150943396226415