62 0.5375 0.6147757255936676 0.021875 0.03430079155672823
48 0.29765625 0.6530343007915568 0.2265625 0.5963060686015831
48 0.00017444999999999998 0.0020522005277044857 0.0003463625 0.001172646437994723
48 0.33671875 0.3997361477572559 0.05625 0.158311345646438
48 0.4796875 0.40105540897097625 0.05 0.17150395778364116
48 0.578125 0.3720316622691293 0.0234375 0.0712401055408971
48 0.65078125 0.37730870712401055 0.025 0.06068601583113457
4 0.478125 0.6279683377308707 0.1421875 0.12928759894459102
5 0.1859375 0.9195250659630607 0.01875 0.079155672823219
5 0.4984375 0.39841688654353563 0.0125 0.018469656992084433
48 0.92734375 0.3759894459102902 0.0078125 0.0316622691292876
48 0.59140625 0.3654353562005277 0.0140625 0.052770448548812667
48 0.1953125 0.40897097625329815 0.04375 0.21108179419525067
48 0.95859375 0.4050131926121372 0.0390625 0.15567282321899736
5 0.96484375 0.4050131926121372 0.0109375 0.018469656992084433
5 0.3828125 0.5461741424802111 0.0546875 0.07651715039577836