59 0.422 0.8426666666666667 0.354 0.09866666666666667
59 0.272 0.6746666666666666 0.07 0.050666666666666665
59 0.632 0.8106666666666666 0.08 0.13333333333333333
59 0.847 0.8346666666666667 0.072 0.16533333333333333
48 0.797 0.712 0.162 0.424
48 0.663 0.6426666666666667 0.124 0.22133333333333333
48 0.566 0.5986666666666667 0.084 0.17333333333333334
48 0.532 0.676 0.262 0.27466666666666667
48 0.407 0.6733333333333333 0.23 0.27466666666666667
48 0.311 0.5333333333333333 0.15 0.22133333333333333
48 0.441 0.5386666666666666 0.11 0.15733333333333333