10 0.7171875 0.6604215456674473 0.009375 0.02576112412177986
18 0.70078125 0.46252927400468385 0.08125 0.07494145199063232
48 0.27109375 0.5292740046838408 0.01875 0.053864168618266976
48 0.29921875 0.49765807962529274 0.025 0.11007025761124122
48 0.896875 0.5620608899297423 0.0390625 0.18501170960187355
48 0.75 0.4613583138173302 0.021875 0.09133489461358314
48 0.16171875 0.49414519906323184 0.0296875 0.1451990632318501
48 0.10078125 0.4262295081967213 0.021875 0.08430913348946135
48 0.846875 0.47540983606557374 0.0296875 0.09133489461358314
48 0.828125 0.46955503512880564 0.0234375 0.0936768149882904
48 0.76796875 0.45901639344262296 0.0171875 0.08899297423887588
48 0.22578125 0.5866510538641686 0.0609375 0.22950819672131148
48 0.3796875 0.45784543325526933 0.025 0.10304449648711944
48 0.17421875 0.4847775175644028 0.0171875 0.11475409836065574
18 0.4015625 0.4262295081967213 0.0203125 0.03278688524590164
76 0.24609375 0.45784543325526933 0.0984375 0.0936768149882904
76 0.2625 0.3840749414519906 0.0390625 0.02576112412177986
76 0.10390625 0.3665105386416862 0.0359375 0.02107728337236534
76 0.89296875 0.45433255269320844 0.071875 0.06323185011709602
18 0.9546875 0.4613583138173302 0.0890625 0.07494145199063232
18 0.35546875 0.4519906323185012 0.1140625 0.07259953161592506
18 0.14765625 0.3770491803278688 0.03125 0.053864168618266976
18 0.20546875 0.3770491803278688 0.1109375 0.09836065573770492
76 0.15078125 0.4133489461358314 0.0546875 0.03044496487119438
76 0.85625 0.42505854800936765 0.0359375 0.0234192037470726
76 0.81484375 0.43208430913348944 0.0234375 0.03278688524590164
76 0.78359375 0.4262295081967213 0.0234375 0.01873536299765808
76 0.76953125 0.4098360655737705 0.028125 0.01405152224824356
76 0.8859375 0.4215456674473068 0.0359375 0.01873536299765808
76 0.4890625 0.40866510538641687 0.028125 0.0117096018735363
76 0.73984375 0.40398126463700235 0.0375 0.02107728337236534
48 0.796875 0.46252927400468385 0.01875 0.08196721311475409
76 0.7984375 0.41569086651053866 0.025 0.01639344262295082
35 0.20390625 0.6100702576112412 0.0234375 0.04918032786885246