36 0.47265625 0.5877437325905293 0.059375 0.2562674094707521
36 0.9109375 0.5724233983286908 0.08125 0.23119777158774374
36 0.12109375 0.5933147632311978 0.05625 0.2646239554317549
36 0.3203125 0.596100278551532 0.059375 0.2479108635097493
36 0.596875 0.5724233983286908 0.06875 0.2785515320334262
36 0.7765625 0.5766016713091922 0.0484375 0.24233983286908078
48 0.91171875 0.4233983286908078 0.0484375 0.15877437325905291
48 0.66796875 0.7116991643454039 0.0859375 0.3286908077994429
48 0.77734375 0.47214484679665736 0.0828125 0.24512534818941503
48 0.46953125 0.5111420612813371 0.0890625 0.298050139275766
48 0.31953125 0.5 0.071875 0.24512534818941503
48 0.125 0.48467966573816157 0.08125 0.2562674094707521
48 0.59453125 0.4832869080779944 0.0671875 0.24233983286908078
48 0.7859375 0.0807799442896936 0.0203125 0.03899721448467967
48 0.84921875 0.08217270194986072 0.025 0.04456824512534819