48 0.449 0.15089514066496162 0.094 0.29923273657289
48 0.301 0.34782608695652173 0.24 0.6751918158567775
48 0.105 0.8235294117647058 0.21 0.33248081841432225
4 0.099 0.48721227621483376 0.164 0.9641943734015346
4 0.209 0.31841432225063937 0.166 0.08695652173913043
48 0.961 0.12020460358056266 0.078 0.1969309462915601
8 0.743 0.14066496163682865 0.19 0.1867007672634271
8 0.871 0.08567774936061381 0.034 0.06649616368286446
62 0.836 0.24808184143222506 0.04 0.04092071611253197
48 0.617 0.15217391304347827 0.112 0.30434782608695654
48 0.976 0.05370843989769821 0.048 0.10741687979539642