18 0.67421875 0.5845070422535211 0.0890625 0.04460093896713615
18 0.0359375 0.5727699530516432 0.071875 0.04460093896713615
18 0.8078125 0.57981220657277 0.05625 0.051643192488262914
48 0.52734375 0.49765258215962443 0.1390625 0.2934272300469484
48 0.19140625 0.5375586854460094 0.096875 0.28169014084507044
48 0.37734375 0.4847417840375587 0.1546875 0.2887323943661972
48 0.7765625 0.5469483568075117 0.15 0.27699530516431925
48 0.31953125 0.539906103286385 0.0234375 0.046948356807511735
48 0.084375 0.5563380281690141 0.028125 0.07511737089201878
57 0.190625 0.676056338028169 0.103125 0.03755868544600939
57 0.3875 0.6009389671361502 0.0734375 0.07981220657276995
57 0.56015625 0.6056338028169014 0.0921875 0.08685446009389672
57 0.73125 0.6913145539906104 0.1 0.025821596244131457
48 0.24296875 0.5481220657276995 0.025 0.07276995305164319
8 0.12890625 0.5786384976525821 0.0640625 0.028169014084507043
48 0.28125 0.5352112676056338 0.025 0.056338028169014086
8 0.4671875 0.67018779342723 0.321875 0.06103286384976526