76 0.16159250585480095 0.75625 0.2154566744730679 0.0390625
76 0.3009367681498829 0.7828125 0.1756440281030445 0.05625
18 0.08079625292740047 0.83046875 0.16159250585480095 0.1265625
48 0.36416861826697894 0.859375 0.0936768149882904 0.2046875
48 0.27400468384074944 0.87734375 0.117096018735363 0.159375
48 0.17681498829039813 0.86171875 0.08899297423887588 0.178125
48 0.9320843091334895 0.7953125 0.0351288056206089 0.1
63 0.39344262295081966 0.66484375 0.08899297423887588 0.065625
76 0.9227166276346604 0.746875 0.06088992974238876 0.025
9 0.41100702576112413 0.88359375 0.11241217798594848 0.1078125
18 0.6463700234192038 0.840625 0.3395784543325527 0.1375
18 0.4566744730679157 0.83671875 0.2459016393442623 0.1609375
18 0.968384074941452 0.83515625 0.06323185011709602 0.0796875
2 0.17798594847775176 0.8265625 0.04918032786885246 0.046875