57 0.41953125 0.8088578088578089 0.0875 0.15384615384615385
48 0.4265625 0.5757575757575758 0.1546875 0.3822843822843823
48 0.3046875 0.5641025641025641 0.0453125 0.22144522144522144
48 0.6078125 0.5757575757575758 0.046875 0.24475524475524477
48 0.0014141484375 0.0013194895104895106 0.00029670468750000003 0.0008665454545454546
48 0.821875 0.578088578088578 0.103125 0.21212121212121213
48 0.7484375 0.46386946386946387 0.021875 0.06293706293706294
48 0.69296875 0.5023310023310024 0.071875 0.11188811188811189
26 0.51796875 0.6212121212121212 0.1453125 0.10023310023310024
48 0.6109375 0.06643356643356643 0.021875 0.02564102564102564
48 0.21328125 0.4965034965034965 0.040625 0.10256410256410256
48 0.18828125 0.5 0.0515625 0.10722610722610723
48 0.0328125 0.5233100233100233 0.065625 0.16317016317016317
48 0.084375 0.4988344988344988 0.0578125 0.1282051282051282
48 0.56875 0.4976689976689977 0.040625 0.1351981351981352