13 0.22734375 0.4708333333333333 0.0125 0.04791666666666667
22 0.76875 0.73125 0.1578125 0.5375
22 0.2109375 0.7677083333333333 0.121875 0.46458333333333335
26 0.56953125 0.7520833333333333 0.5859375 0.44166666666666665
42 0.56640625 0.4114583333333333 0.096875 0.08333333333333333
46 0.8421875 0.6291666666666667 0.2484375 0.40208333333333335
69 0.665625 0.43645833333333334 0.065625 0.05416666666666667
56 0.36640625 0.47291666666666665 0.109375 0.03958333333333333
56 0.27421875 0.46979166666666666 0.13125 0.09791666666666667
22 0.63046875 0.5375 0.1125 0.16666666666666666
22 0.465625 0.9010416666666666 0.24375 0.16458333333333333
22 0.390625 0.7989583333333333 0.103125 0.12708333333333333
22 0.28984375 0.7927083333333333 0.15 0.41458333333333336