48 0.17401960784313725 0.4599673202614379 0.3480392156862745 0.9150326797385621
48 0.7099673202614379 0.1454248366013072 0.15196078431372548 0.24673202614379086
48 0.8439542483660131 0.1323529411764706 0.15196078431372548 0.2647058823529412
48 0.5612745098039216 0.07352941176470588 0.06045751633986928 0.14705882352941177
48 0.946078431372549 0.0857843137254902 0.06209150326797386 0.1715686274509804
48 0.9281045751633987 0.04003267973856209 0.03758169934640523 0.08006535947712418
3 0.36519607843137253 0.4665032679738562 0.2107843137254902 0.12908496732026145
3 0.548202614379085 0.5032679738562091 0.09967320261437909 0.10294117647058823
3 0.36764705882352944 0.5898692810457516 0.2565359477124183 0.07352941176470588
3 0.7712418300653595 0.9379084967320261 0.3562091503267974 0.12418300653594772
3 0.7712418300653595 0.7467320261437909 0.19281045751633988 0.12091503267973856
3 0.8366013071895425 0.5383986928104575 0.06372549019607843 0.10457516339869281
3 0.8488562091503268 0.47794117647058826 0.14052287581699346 0.0718954248366013
3 0.6756535947712419 0.494281045751634 0.13398692810457516 0.05555555555555555
3 0.47549019607843135 0.8488562091503268 0.25163398692810457 0.2107843137254902
3 0.9199346405228758 0.6911764705882353 0.16013071895424835 0.119281045751634
3 0.6413398692810458 0.44199346405228757 0.12745098039215685 0.08496732026143791
48 0.24591503267973855 0.04411764705882353 0.12581699346405228 0.08823529411764706
48 0.4665032679738562 0.04820261437908497 0.058823529411764705 0.09640522875816994
3 0.6658496732026143 0.5637254901960784 0.12418300653594772 0.09967320261437909
48 0.15441176470588236 0.06372549019607843 0.0915032679738562 0.12745098039215685
3 0.7655228758169934 0.5367647058823529 0.11601307189542484 0.13725490196078433