48 0.33828125 0.8105095541401274 0.06875 0.16878980891719744
48 0.37421875 0.7277070063694268 0.0828125 0.2484076433121019
48 0.9234375 0.643312101910828 0.0765625 0.16560509554140126
48 0.8484375 0.5875796178343949 0.0359375 0.10191082802547771
48 0.1484375 0.6130573248407644 0.0171875 0.12101910828025478
48 0.2875 0.8105095541401274 0.078125 0.20382165605095542
4 0.309375 0.5971337579617835 0.0484375 0.03821656050955414
5 0.8859375 0.6289808917197452 0.0140625 0.028662420382165606
5 0.36484375 0.7898089171974523 0.0171875 0.041401273885350316
48 0.675 0.554140127388535 0.01875 0.05732484076433121
62 0.60390625 0.45222929936305734 0.0078125 0.009554140127388535
62 0.87265625 0.7531847133757962 0.00625 0.006369426751592357
62 0.85390625 0.7515923566878981 0.00625 0.009554140127388535
5 0.85703125 0.5812101910828026 0.00625 0.01592356687898089
48 0.4203125 0.606687898089172 0.034375 0.08598726114649681