36 0.4703125 0.7614583333333333 0.2046875 0.47708333333333336
36 0.77578125 0.728125 0.4375 0.5208333333333334
36 0.0003055421875 0.0013701395833333333 0.000319384375 0.0014263895833333334
48 0.18984375 0.5854166666666667 0.2953125 0.6354166666666666
48 0.83125 0.45208333333333334 0.115625 0.15416666666666667
48 0.484375 0.490625 0.1015625 0.1875
36 0.0013041265625 0.00153680625 0.0005167484375 0.0010930562499999999
48 0.3453125 0.6385416666666667 0.034375 0.1125
48 0.3234375 0.628125 0.01875 0.09166666666666666
48 0.3046875 0.61875 0.034375 0.07708333333333334
48 0.6828125 0.5885416666666666 0.159375 0.48125
18 0.021875 0.6666666666666666 0.04375 0.11458333333333333