18 0.6967213114754098 0.31875 0.05620608899297424 0.0296875
18 0.9098360655737705 0.4 0.07259953161592506 0.046875
18 0.9824355971896955 0.46015625 0.0351288056206089 0.0359375
18 0.28454332552693207 0.44140625 0.09601873536299765 0.0375
18 0.6088992974238876 0.3140625 0.03747072599531616 0.0296875
18 0.0585480093676815 0.4609375 0.05152224824355972 0.0296875
16 0.7611241217798594 0.43046875 0.14285714285714285 0.11875
74 0.819672131147541 0.375 0.10772833723653395 0.0921875
48 0.6850117096018735 0.6015625 0.01639344262295082 0.028125
48 0.33489461358313816 0.55078125 0.0234192037470726 0.0265625
48 0.5163934426229508 0.5234375 0.02107728337236534 0.028125
48 0.6686182669789227 0.60078125 0.0117096018735363 0.025
18 0.5761124121779859 0.22734375 0.0351288056206089 0.021875
74 0.6288056206088993 0.2671875 0.08196721311475409 0.05625
72 0.8243559718969555 0.50625 0.01405152224824356 0.01875
72 0.607728337236534 0.171875 0.00936768149882904 0.0140625
72 0.5702576112412178 0.1640625 0.00702576112412178 0.0078125
72 0.5620608899297423 0.1828125 0.0117096018735363 0.015625
8 0.8770491803278688 0.67890625 0.04215456674473068 0.0296875
8 0.234192037470726 0.559375 0.05152224824355972 0.021875
8 0.5491803278688525 0.51484375 0.05152224824355972 0.01875
8 0.4379391100702576 0.53203125 0.06323185011709602 0.021875
8 0.11241217798594848 0.575 0.06791569086651054 0.0234375
8 0.765807962529274 0.5953125 0.03747072599531616 0.028125
8 0.8395784543325527 0.64921875 0.04215456674473068 0.03125
48 0.5702576112412178 0.51171875 0.01639344262295082 0.021875
48 0.6932084309133489 0.23359375 0.0117096018735363 0.01875
48 0.8302107728337237 0.32421875 0.01405152224824356 0.025
48 0.9648711943793911 0.365625 0.0117096018735363 0.0203125
48 0.7084309133489461 0.2421875 0.00936768149882904 0.01875
48 0.7681498829039812 0.5984375 0.0234192037470726 0.0203125
74 0.7517564402810304 0.3421875 0.05620608899297424 0.059375
72 0.734192037470726 0.2453125 0.0117096018735363 0.00625
72 0.531615925058548 0.41328125 0.00936768149882904 0.0171875
18 0.7505854800936768 0.3421875 0.0585480093676815 0.05625
74 0.6229508196721312 0.228125 0.04449648711943794 0.03125