3 0.38359375 0.4583333333333333 0.1796875 0.22916666666666666
3 0.37890625 0.23854166666666668 0.0609375 0.17708333333333334
3 0.47734375 0.42083333333333334 0.1234375 0.22916666666666666
3 0.6890625 0.8770833333333333 0.153125 0.24583333333333332
3 0.55078125 0.6947916666666667 0.121875 0.26666666666666666
3 0.646875 0.625 0.175 0.28125
3 0.76171875 0.5614583333333333 0.11875 0.21666666666666667
3 0.36015625 0.7958333333333333 0.075 0.2708333333333333
3 0.27734375 0.48125 0.1875 0.2604166666666667
3 0.46015625 0.7197916666666667 0.0828125 0.24166666666666667
3 0.7125 0.5895833333333333 0.10625 0.2375
3 0.215625 0.25625 0.15 0.20416666666666666
3 0.84921875 0.509375 0.1375 0.16875