22 0.712 0.705 0.17333333333333334 0.122
22 0.7573333333333333 0.633 0.10933333333333334 0.194
48 0.24533333333333332 0.508 0.48 0.984
48 0.4826666666666667 0.6 0.2986666666666667 0.8
48 0.002372018666666667 0.0012044999999999998 0.0005892986666666667 0.0011326
52 0.47733333333333333 0.723 0.064 0.026
52 0.5306666666666666 0.625 0.05333333333333334 0.036
50 0.7746666666666666 0.622 0.072 0.03
26 0.0023069519999999997 0.00133636 0.000719432 0.00031776
52 0.6453333333333333 0.583 0.04 0.014
52 0.9733333333333334 0.57 0.037333333333333336 0.026
48 0.656 0.585 0.20266666666666666 0.542