76 0.17890625 0.4918032786885246 0.3578125 0.5035128805620609
76 0.375 0.5046838407494145 0.425 0.17330210772833723
76 0.80546875 0.6194379391100703 0.378125 0.31381733021077285
22 0.5671875 0.8360655737704918 0.0828125 0.14988290398126464
22 0.92421875 0.8208430913348946 0.1515625 0.31381733021077285
48 0.425 0.7775175644028103 0.125 0.2154566744730679
48 0.68125 0.7822014051522248 0.08125 0.2459016393442623
48 0.77734375 0.7330210772833724 0.05 0.1686182669789227
48 0.0014778203125 0.0017439086651053865 0.0001693609375 0.000616632318501171
48 0.28828125 0.775175644028103 0.0640625 0.10304449648711944
48 0.328125 0.7857142857142857 0.2203125 0.22950819672131148
48 0.17109375 0.7622950819672131 0.26875 0.3091334894613583
48 0.04921875 0.7962529274004684 0.0984375 0.3747072599531616
25 0.38046875 0.7845433255269321 0.0171875 0.04449648711943794
25 0.46171875 0.8161592505854801 0.0125 0.03278688524590164
22 0.7765625 0.8864168618266979 0.2921875 0.18501170960187355
76 0.61171875 0.6088992974238876 0.2 0.15456674473067916
76 0.890625 0.41920374707259955 0.21875 0.2224824355971897
76 0.27265625 0.6100702576112412 0.3453125 0.08899297423887588
76 0.08671875 0.5362997658079626 0.171875 0.08665105386416862
22 0.21328125 0.9238875878220141 0.2734375 0.11943793911007025
22 0.4828125 0.8688524590163934 0.1 0.11007025761124122
22 0.171875 0.8126463700234192 0.0828125 0.06088992974238876