18 0.45 0.4859154929577465 0.028125 0.03051643192488263
30 0.603125 0.5199530516431925 0.0140625 0.03755868544600939
48 0.83671875 0.3685446009389671 0.2234375 0.5446009389671361
48 0.575 0.6056338028169014 0.1171875 0.19953051643192488
48 0.26875 0.4612676056338028 0.04375 0.15258215962441316
57 0.8796875 0.5927230046948356 0.1 0.12206572769953052
57 0.271875 0.5328638497652582 0.0203125 0.025821596244131457
57 0.41171875 0.7464788732394366 0.0375 0.028169014084507043
57 0.32265625 0.6748826291079812 0.0265625 0.018779342723004695
48 0.3125 0.5856807511737089 0.06875 0.1807511737089202
48 0.3984375 0.613849765258216 0.075 0.26291079812206575