18 0.7510416666666667 0.3515625 0.19166666666666668 0.0984375
18 0.29375 0.3265625 0.06666666666666667 0.04375
18 0.271875 0.3171875 0.041666666666666664 0.0375
16 0.471875 0.3265625 0.2875 0.196875
48 0.5333333333333333 0.75859375 0.5520833333333334 0.4640625
48 0.2 0.325 0.022916666666666665 0.028125
48 0.16354166666666667 0.3171875 0.014583333333333334 0.0296875
18 0.9885416666666667 0.35390625 0.022916666666666665 0.034375
48 0.17291666666666666 0.3109375 0.0125 0.01875
18 0.340625 0.30859375 0.027083333333333334 0.0265625
18 0.2520833333333333 0.30625 0.020833333333333332 0.0203125
18 0.30625 0.30546875 0.03333333333333333 0.01875
72 0.026041666666666668 0.215625 0.04791666666666667 0.053125
48 0.5395833333333333 0.325 0.04583333333333333 0.021875