10 0.78359375 0.18541666666666667 0.1265625 0.21666666666666667
13 0.37734375 0.5552083333333333 0.0453125 0.16041666666666668
13 0.57109375 0.5833333333333334 0.0390625 0.10833333333333334
13 0.6140625 0.765625 0.0328125 0.09791666666666667
48 0.309375 0.6270833333333333 0.6140625 0.7208333333333333
51 0.55 0.6239583333333333 0.690625 0.7270833333333333
23 0.75234375 0.03125 0.109375 0.0625
45 0.415625 0.5739583333333333 0.0296875 0.04583333333333333
46 0.9375 0.7302083333333333 0.125 0.5166666666666667
13 0.575 0.7770833333333333 0.0375 0.1125
13 0.54375 0.7552083333333334 0.0734375 0.14166666666666666