22 0.8714953271028038 0.3203125 0.08411214953271028 0.053125
22 0.844626168224299 0.27734375 0.0794392523364486 0.053125
48 0.6285046728971962 0.67421875 0.5630841121495327 0.4515625
48 0.26985981308411217 0.4171875 0.0911214953271028 0.05625
48 0.6507009345794392 0.38359375 0.11448598130841121 0.1171875
48 0.4147196261682243 0.3859375 0.08878504672897196 0.0921875
48 0.530373831775701 0.41328125 0.08177570093457943 0.0609375
48 0.580607476635514 0.39140625 0.07242990654205607 0.103125
48 0.764018691588785 0.41015625 0.09813084112149532 0.0609375
48 0.5035046728971962 0.37890625 0.0911214953271028 0.1
48 0.5899532710280374 0.26328125 0.12383177570093458 0.096875
48 0.5210280373831776 0.2640625 0.10514018691588785 0.096875
67 0.3820093457943925 0.6609375 0.037383177570093455 0.1609375
48 0.1658878504672897 0.5234375 0.10514018691588785 0.0875
22 0.7616822429906542 0.55625 0.08177570093457943 0.03125
22 0.6448598130841121 0.55625 0.07710280373831775 0.0296875
22 0.4158878504672897 0.55625 0.06074766355140187 0.028125
22 0.20093457943925233 0.41796875 0.08177570093457943 0.05625
22 0.12967289719626168 0.409375 0.0794392523364486 0.0359375
22 0.8785046728971962 0.55546875 0.08644859813084112 0.0296875
22 0.3002336448598131 0.5546875 0.0794392523364486 0.0265625
22 0.08177570093457943 0.5546875 0.0794392523364486 0.0296875
22 0.0794392523364486 0.22734375 0.07476635514018691 0.071875
48 0.9415887850467289 0.4046875 0.102803738317757 0.06875
48 0.3212616822429907 0.30390625 0.09579439252336448 0.0875
22 0.22313084112149534 0.55390625 0.0397196261682243 0.025
22 0.6156542056074766 0.4375 0.07476635514018691 0.009375