18 0.992 0.8820895522388059 0.014 0.03582089552238806
18 0.994 0.8477611940298507 0.012 0.03880597014925373
11 0.737 0.6432835820895523 0.188 0.10149253731343283
11 0.781 0.8462686567164179 0.298 0.13134328358208955
11 0.791 0.8641791044776119 0.234 0.08059701492537313
11 0.182 0.9238805970149254 0.094 0.03283582089552239
11 0.172 0.7820895522388059 0.198 0.06865671641791045
11 0.062 0.8208955223880597 0.124 0.05970149253731343
11 0.158 0.691044776119403 0.112 0.06567164179104477
11 0.483 0.5716417910447761 0.04 0.03880597014925373
11 0.52 0.5746268656716418 0.072 0.04776119402985075
11 0.084 0.5880597014925373 0.168 0.07164179104477612
11 0.717 0.7477611940298508 0.202 0.05970149253731343
11 0.213 0.6223880597014926 0.07 0.023880597014925373
11 0.592 0.5835820895522388 0.054 0.03880597014925373