9 0.805 0.656 0.172 0.2906666666666667
9 0.921 0.636 0.146 0.20266666666666666
9 0.448 0.5026666666666667 0.054 0.104
9 0.255 0.46 0.02 0.050666666666666665
9 0.976 0.5866666666666667 0.048 0.12
18 0.322 0.43466666666666665 0.07 0.042666666666666665
18 0.397 0.432 0.054 0.056
16 0.106 0.396 0.212 0.768
48 0.93 0.52 0.128 0.2853333333333333
48 0.138 0.6093333333333333 0.15 0.6693333333333333
48 0.444 0.444 0.048 0.15733333333333333
48 0.254 0.432 0.036 0.07733333333333334
72 0.273 0.22666666666666666 0.016 0.050666666666666665
72 0.379 0.384 0.01 0.013333333333333334
72 0.471 0.33466666666666667 0.018 0.042666666666666665
48 0.394 0.43466666666666665 0.022 0.06933333333333333
48 0.361 0.428 0.014 0.034666666666666665
48 0.233 0.4266666666666667 0.012 0.050666666666666665
9 0.773 0.5773333333333334 0.098 0.09333333333333334
18 0.579 0.44133333333333336 0.062 0.048
72 0.39 0.26266666666666666 0.014 0.037333333333333336
2 0.908 0.46 0.082 0.07733333333333334
2 0.433 0.404 0.02 0.056
2 0.774 0.4533333333333333 0.1 0.10666666666666667
48 0.814 0.5466666666666666 0.13 0.3893333333333333
48 0.528 0.41333333333333333 0.014 0.037333333333333336
2 0.435 0.408 0.042 0.06133333333333333
48 0.474 0.43866666666666665 0.018 0.06933333333333333
48 0.763 0.47733333333333333 0.072 0.208
72 0.408 0.2786666666666667 0.008 0.04533333333333334
2 0.977 0.5586666666666666 0.04 0.05333333333333334