18 0.234375 0.5056689342403629 0.103125 0.2199546485260771
16 0.5390625 0.5079365079365079 0.5265625 0.8458049886621315
74 0.5390625 0.5113378684807256 0.5359375 0.8707482993197279
48 0.3921875 0.3129251700680272 0.140625 0.1360544217687075
48 0.09765625 0.48072562358276644 0.059375 0.21768707482993196
48 0.59609375 0.3072562358276644 0.040625 0.08843537414965986
48 0.52578125 0.3129251700680272 0.0515625 0.06802721088435375
48 0.1375 0.47052154195011336 0.0328125 0.17913832199546487
48 0.16640625 0.46825396825396826 0.034375 0.14512471655328799
48 0.18203125 0.4614512471655329 0.0203125 0.14058956916099774
48 0.04609375 0.47619047619047616 0.0421875 0.22448979591836735
48 0.06640625 0.41383219954648526 0.034375 0.10884353741496598
48 0.67890625 0.2981859410430839 0.1390625 0.17233560090702948
48 0.91953125 0.5056689342403629 0.0265625 0.1383219954648526
48 0.63515625 0.2981859410430839 0.0359375 0.06575963718820861
35 0.0703125 0.518140589569161 0.0171875 0.047619047619047616
48 0.115625 0.3979591836734694 0.025 0.03854875283446712
74 0.8390625 0.4875283446712018 0.1046875 0.20634920634920634
72 0.04296875 0.21541950113378686 0.009375 0.03854875283446712