27 0.5117647058823529 0.48203125 0.15764705882352942 0.0640625
13 0.5447058823529412 0.14140625 0.04470588235294118 0.0484375
13 0.8564705882352941 0.565625 0.0611764705882353 0.125
13 0.7788235294117647 0.53671875 0.07529411764705882 0.103125
13 0.43058823529411766 0.24765625 0.058823529411764705 0.0671875
13 0.78 0.18515625 0.047058823529411764 0.065625
13 0.6976470588235294 0.09140625 0.018823529411764704 0.0265625
13 0.7282352941176471 0.084375 0.021176470588235293 0.0390625
51 0.6188235294117647 0.4375 0.7105882352941176 0.8734375
46 0.11529411764705882 0.303125 0.23058823529411765 0.1546875
13 0.4823529411764706 0.13984375 0.08 0.0515625
13 0.8105882352941176 0.5671875 0.0611764705882353 0.115625
13 0.6952941176470588 0.22109375 0.02823529411764706 0.05
13 0.5305882352941177 0.24765625 0.04941176470588235 0.0765625
13 0.9070588235294118 0.58125 0.0988235294117647 0.09375
1 0.5588235294117647 0.63359375 0.05411764705882353 0.0265625