13 0.184375 0.5683673469387756 0.009375 0.026530612244897958
13 0.16953125 0.5673469387755102 0.009375 0.03877551020408163
13 0.15703125 0.573469387755102 0.009375 0.036734693877551024
13 0.41796875 0.6438775510204081 0.015625 0.044897959183673466
13 0.4296875 0.6479591836734694 0.0203125 0.05102040816326531
13 0.46796875 0.6642857142857143 0.021875 0.05918367346938776
13 0.175 0.5744897959183674 0.0078125 0.024489795918367346
13 0.15234375 0.5744897959183674 0.00625 0.030612244897959183
13 0.25390625 0.6163265306122448 0.015625 0.030612244897959183
50 0.3203125 0.5918367346938775 0.0359375 0.10612244897959183
26 0.28828125 0.7704081632653061 0.434375 0.4387755102040816
14 0.790625 0.6224489795918368 0.0609375 0.04693877551020408
14 0.84453125 0.6357142857142857 0.04375 0.030612244897959183
14 0.96875 0.6530612244897959 0.0625 0.044897959183673466
46 0.5859375 0.7928571428571428 0.3203125 0.2510204081632653
14 0.2984375 0.6581632653061225 0.046875 0.02040816326530612
25 0.1375 0.5785714285714286 0.0109375 0.026530612244897958
61 0.63203125 0.5010204081632653 0.0125 0.053061224489795916
61 0.61796875 0.5081632653061224 0.0078125 0.06938775510204082
61 0.58984375 0.5091836734693878 0.0078125 0.0673469387755102