1 0.3765625 0.6177083333333333 0.0515625 0.06458333333333334
1 0.46875 0.23541666666666666 0.1171875 0.16666666666666666
1 0.67265625 0.5291666666666667 0.1125 0.15
1 0.48984375 0.76875 0.1296875 0.17291666666666666
1 0.1953125 0.6125 0.0859375 0.1375
1 0.32734375 0.678125 0.0546875 0.07916666666666666
1 0.16640625 0.4427083333333333 0.0484375 0.07083333333333333
1 0.30078125 0.5864583333333333 0.0546875 0.06458333333333334
1 0.76875 0.7520833333333333 0.06875 0.125
1 0.70703125 0.7583333333333333 0.09375 0.11458333333333333
1 0.515625 0.35625 0.115625 0.14791666666666667
1 0.35 0.7572916666666667 0.04375 0.052083333333333336