9 0.41796875 0.7791666666666667 0.034375 0.16458333333333333
43 0.26953125 0.7510416666666667 0.1203125 0.23125
48 0.4171875 0.6677083333333333 0.1 0.3458333333333333
48 0.16484375 0.728125 0.2 0.5395833333333333
48 0.57578125 0.35625 0.0953125 0.13958333333333334
48 0.553125 0.3416666666666667 0.0421875 0.09375
76 0.5421875 0.284375 0.128125 0.10833333333333334
76 0.11875 0.40520833333333334 0.234375 0.1625
8 0.55859375 0.38645833333333335 0.14375 0.06666666666666667
29 0.5640625 0.6177083333333333 0.1703125 0.4479166666666667
2 0.04765625 0.8572916666666667 0.0953125 0.28541666666666665
9 0.31171875 0.9114583333333334 0.1859375 0.17708333333333334