22 0.3204225352112676 0.565625 0.22300469483568075 0.1578125
48 0.5140845070422535 0.346875 0.931924882629108 0.690625
26 0.5 0.675 1 0.6265625
14 0.4624413145539906 0.8 0.17136150234741784 0.0609375
14 0.4565727699530516 0.63046875 0.1056338028169014 0.0484375
14 0.3626760563380282 0.65 0.10093896713615023 0.05
14 0.7640845070422535 0.51015625 0.08215962441314555 0.0421875
14 0.534037558685446 0.746875 0.15492957746478872 0.08125
14 0.45422535211267606 0.67578125 0.14553990610328638 0.0515625
19 0.7007042253521126 0.79296875 0.107981220657277 0.0390625
77 0.8556338028169014 0.375 0.11267605633802817 0.146875
14 0.6772300469483568 0.5109375 0.09389671361502347 0.040625
19 0.5997652582159625 0.6125 0.046948356807511735 0.01875
19 0.6455399061032864 0.6109375 0.046948356807511735 0.0171875
14 0.5164319248826291 0.86484375 0.20187793427230047 0.09375
14 0.40023474178403756 0.7640625 0.14553990610328638 0.0796875
14 0.7382629107981221 0.49453125 0.09624413145539906 0.028125
14 0.744131455399061 0.8078125 0.2863849765258216 0.146875
14 0.5938967136150235 0.61484375 0.2136150234741784 0.0890625
19 0.6854460093896714 0.471875 0.035211267605633804 0.0109375
19 0.6995305164319249 0.46328125 0.035211267605633804 0.0109375
50 0.8497652582159625 0.2328125 0.3004694835680751 0.440625