75 0.1453125 0.44583333333333336 0.2421875 0.35625
13 0.4203125 0.40208333333333335 0.015625 0.058333333333333334
60 0.78671875 0.5885416666666666 0.4265625 0.44166666666666665
48 0.85625 0.5364583333333334 0.209375 0.7583333333333333
52 0.3734375 0.946875 0.075 0.04375
52 0.40625 0.5375 0.7890625 0.18125
12 0.92890625 0.9395833333333333 0.1375 0.11458333333333333
52 0.79609375 0.4979166666666667 0.0203125 0.01875
52 0.4484375 0.946875 0.059375 0.06458333333333334
12 0.2875 0.703125 0.040625 0.125
12 0.2625 0.7041666666666667 0.021875 0.09791666666666667
12 0.15078125 0.7802083333333333 0.0234375 0.12916666666666668
12 0.2171875 0.7270833333333333 0.01875 0.08958333333333333
12 0.23125 0.7197916666666667 0.0140625 0.0875