57 0.7375 0.252991452991453 0.25 0.3658119658119658
48 0.5671875 0.24700854700854702 0.4875 0.3367521367521368
48 0.31171875 0.43675213675213675 0.0515625 0.08034188034188035
48 0.75 0.46324786324786327 0.025 0.05641025641025641
48 0.1703125 0.42905982905982903 0.059375 0.09230769230769231
48 0.0203125 0.4170940170940171 0.040625 0.08717948717948718
48 0.5875 0.44529914529914527 0.0265625 0.09230769230769231
48 0.71171875 0.45213675213675214 0.0265625 0.08376068376068375
48 0.90625 0.46495726495726497 0.028125 0.08547008547008547
48 0.1140625 0.4230769230769231 0.0421875 0.08376068376068375
48 0.865625 0.47094017094017093 0.03125 0.05811965811965812
48 0.23203125 0.4324786324786325 0.04375 0.08376068376068375
48 0.96328125 0.47863247863247865 0.0328125 0.05982905982905983