32 0.4359375 0.5053763440860215 0.0515625 0.06989247311827956
48 0.1578125 0.49193548387096775 0.184375 0.8118279569892473
48 0.7703125 0.543010752688172 0.4 0.6881720430107527
48 0.5109375 0.5698924731182796 0.040625 0.1774193548387097
48 0.94296875 0.532258064516129 0.0265625 0.23655913978494625
48 0.98125 0.543010752688172 0.0171875 0.22043010752688172
48 0.96328125 0.532258064516129 0.0265625 0.24193548387096775
48 0.58671875 0.48118279569892475 0.028125 0.27956989247311825
48 0.61171875 0.5188172043010753 0.03125 0.3118279569892473
48 0.8484375 0.4596774193548387 0.0296875 0.1774193548387097
48 0.90078125 0.5295698924731183 0.0265625 0.1935483870967742
48 0.66640625 0.44086021505376344 0.0203125 0.0967741935483871
48 0.63828125 0.44623655913978494 0.0265625 0.1989247311827957
48 0.62421875 0.489247311827957 0.0140625 0.1935483870967742