48 0.51328125 0.5657276995305164 0.3171875 0.7816901408450704
48 0.4859375 0.7194835680751174 0.1234375 0.3826291079812207
48 0.86640625 0.7769953051643192 0.2671875 0.33098591549295775
14 0.3734375 0.892018779342723 0.1125 0.09859154929577464
14 0.23515625 0.8779342723004695 0.11875 0.11267605633802817
52 0.3703125 0.3427230046948357 0.059375 0.08215962441314555
25 0.59140625 0.9049295774647887 0.04375 0.08685446009389672
25 0.9390625 0.596244131455399 0.0375 0.03990610328638498
45 0.271875 0.8685446009389671 0.025 0.023474178403755867
22 0.25390625 0.744131455399061 0.109375 0.2793427230046948
52 0.91640625 0.6068075117370892 0.0171875 0.028169014084507043
66 0.2421875 0.7124413145539906 0.053125 0.09624413145539906
25 0.75234375 0.9636150234741784 0.0609375 0.07042253521126761
25 0.12578125 0.9624413145539906 0.084375 0.07511737089201878
22 0.91953125 0.8204225352112676 0.1609375 0.30985915492957744
52 0.46875 0.8157276995305164 0.0265625 0.0539906103286385
52 0.6671875 0.9788732394366197 0.0875 0.04225352112676056
45 0.23515625 0.8544600938967136 0.034375 0.051643192488262914
45 0.209375 0.8380281690140845 0.0328125 0.028169014084507043
66 0.27890625 0.7347417840375586 0.0234375 0.04460093896713615