65 0.5130718954248366 0.670751633986928 0.17973856209150327 0.017973856209150325
65 0.380718954248366 0.6045751633986928 0.06862745098039216 0.013071895424836602
65 0.1503267973856209 0.5130718954248366 0.016339869281045753 0.011437908496732025
65 0.5236928104575164 0.5294117647058824 0.032679738562091505 0.013071895424836602
65 0.7009803921568627 0.6511437908496732 0.058823529411764705 0.011437908496732025
48 0.27941176470588236 0.4011437908496732 0.016339869281045753 0.026143790849673203
48 0.3202614379084967 0.3937908496732026 0.021241830065359478 0.04084967320261438
48 0.34395424836601307 0.40032679738562094 0.02287581699346405 0.032679738562091505
48 0.21241830065359477 0.38562091503267976 0.05065359477124183 0.0457516339869281
48 0.09395424836601307 0.4158496732026144 0.032679738562091505 0.0392156862745098
48 0.9575163398692811 0.37745098039215685 0.0196078431372549 0.07352941176470588
48 0.5187908496732027 0.6388888888888888 0.12091503267973856 0.06372549019607843
48 0.434640522875817 0.5939542483660131 0.17320261437908496 0.0392156862745098
48 0.565359477124183 0.5187908496732027 0.11764705882352941 0.02287581699346405
48 0.2173202614379085 0.4910130718954248 0.06209150326797386 0.029411764705882353
48 0.7589869281045751 0.636437908496732 0.06372549019607843 0.032679738562091505
48 0.886437908496732 0.6266339869281046 0.10947712418300654 0.042483660130718956
48 0.29820261437908496 0.38562091503267976 0.013071895424836602 0.02287581699346405