13 0.26015625 0.6920668058455115 0.0390625 0.14822546972860126
13 0.44375 0.5219206680584552 0.021875 0.06263048016701461
21 0.6171875 0.6440501043841336 0.0328125 0.014613778705636743
22 0.00023531562500000002 0.0017385741127348643 0.000277221875 0.0006982192066805846
22 0.36484375 0.9123173277661796 0.334375 0.14613778705636743
22 0.4203125 0.4906054279749478 0.09375 0.08977035490605428
26 0.39140625 0.7317327766179541 0.4203125 0.15031315240083507
26 0.39296875 0.4290187891440501 0.125 0.05845511482254697
41 0.48828125 0.6106471816283925 0.18125 0.162839248434238
41 0.4609375 0.673277661795407 0.2203125 0.20250521920668058
2 0.81171875 0.395615866388309 0.03125 0.12734864300626306
2 0.80625 0.5709812108559499 0.0796875 0.1837160751565762
2 0.17421875 0.7651356993736952 0.19375 0.33402922755741127
48 0.5265625 0.4175365344467641 0.103125 0.20668058455114824
48 0.64765625 0.6837160751565762 0.346875 0.6304801670146137
48 0.8765625 0.4603340292275574 0.1265625 0.4801670146137787
48 0.45546875 0.38308977035490605 0.05625 0.10647181628392484
48 0.26484375 0.5553235908141962 0.2140625 0.37160751565762007
48 0.3046875 0.3778705636743215 0.075 0.10438413361169102
48 0.10625 0.3736951983298539 0.053125 0.20876826722338204
48 0.39921875 0.38517745302713985 0.0625 0.08768267223382047
48 0.0578125 0.40605427974947805 0.0640625 0.13987473903966596
48 0.05703125 0.5490605427974948 0.109375 0.3695198329853862
48 0.63828125 0.44363256784968685 0.14375 0.19206680584551147
48 0.2171875 0.4091858037578288 0.075 0.13987473903966596
2 0.38515625 0.8643006263048016 0.221875 0.27139874739039666
35 0.1203125 0.4780793319415449 0.0671875 0.060542797494780795
13 0.353125 0.4175365344467641 0.0109375 0.037578288100208766
13 0.3671875 0.4164926931106472 0.0109375 0.03549060542797495
13 0.16796875 0.453027139874739 0.0140625 0.04592901878914405
22 0.70390625 0.8288100208768268 0.2171875 0.31524008350730687
22 0.06328125 0.6962421711899791 0.109375 0.2860125260960334
22 0.51796875 0.4812108559498956 0.1203125 0.11482254697286012
22 0.96171875 0.4718162839248434 0.075 0.13569937369519833
22 0.371875 0.5198329853862212 0.0421875 0.08977035490605428
75 0.52109375 0.0407098121085595 0.04375 0.081419624217119
38 0.4890625 0.7265135699373695 0.0625 0.06680584551148225
38 0.50390625 0.6586638830897703 0.0796875 0.04592901878914405
13 0.50390625 0.48434237995824636 0.0203125 0.033402922755741124
26 0.10625 0.5334029227557411 0.115625 0.05636743215031315
26 0.5171875 0.4394572025052192 0.1234375 0.029227557411273485
41 0.38203125 0.40501043841336115 0.0328125 0.022964509394572025
48 0.20703125 0.3966597077244259 0.0515625 0.1315240083507307
22 0.8203125 0.7546972860125261 0.090625 0.4196242171189979
22 0.1484375 0.4342379958246347 0.0296875 0.07515657620041753