72 0.8770833333333333 0.3171875 0.05625 0.0390625
57 0.40208333333333335 0.73671875 0.4083333333333333 0.1046875
48 0.884375 0.4890625 0.07916666666666666 0.165625
48 0.4708333333333333 0.48125 0.24583333333333332 0.48125
48 0.7875 0.53203125 0.16041666666666668 0.334375
48 0.621875 0.53359375 0.21458333333333332 0.3796875
48 0.6270833333333333 0.453125 0.04375 0.0890625
48 0.18229166666666666 0.5140625 0.10833333333333334 0.1015625
48 0.27395833333333336 0.44375 0.06666666666666667 0.125
48 0.1 0.4640625 0.07708333333333334 0.2265625
48 0.1375 0.44140625 0.035416666666666666 0.1296875
48 0.721875 0.43203125 0.029166666666666667 0.0640625
48 0.321875 0.43984375 0.0625 0.140625
48 0.1875 0.415625 0.041666666666666664 0.1
48 0.052083333333333336 0.48984375 0.10208333333333333 0.365625
18 0.9604166666666667 0.43203125 0.07708333333333334 0.0453125
18 0.853125 0.4203125 0.0625 0.025
18 0.825 0.40625 0.014583333333333334 0.0125