48 0.14765625 0.840625 0.0953125 0.31666666666666665
48 0.496875 0.88125 0.1140625 0.20208333333333334
48 0.33984375 0.86875 0.1109375 0.23958333333333334
48 0.24609375 0.825 0.1078125 0.35
39 0.44609375 0.27395833333333336 0.1078125 0.22708333333333333
39 0.559375 0.24166666666666667 0.0671875 0.12083333333333333
39 0.6671875 0.14583333333333334 0.021875 0.020833333333333332
39 0.978125 0.8614583333333333 0.025 0.0125
39 0.28125 0.1875 0.040625 0.11875
39 0.77734375 0.7520833333333333 0.00625 0.004166666666666667
39 0.3890625 0.7895833333333333 0.0296875 0.035416666666666666
39 0.890625 0.8208333333333333 0.0109375 0.00625
39 0.9734375 0.9135416666666667 0.0234375 0.014583333333333334
39 0.9640625 0.7541666666666667 0.003125 0.004166666666666667
39 0.2359375 0.49895833333333334 0.01875 0.029166666666666667
39 0.7953125 0.7895833333333333 0.1765625 0.42083333333333334
39 0.365625 0.16458333333333333 0.0109375 0.010416666666666666