75 0.503125 0.33958333333333335 0.3015625 0.36875
13 0.11484375 0.440625 0.0765625 0.2
25 0.29765625 0.5041666666666667 0.0578125 0.14166666666666666
25 0.87734375 0.25729166666666664 0.0375 0.06458333333333334
41 0.875 0.4864583333333333 0.25 0.43125
41 0.26484375 0.3614583333333333 0.2171875 0.30833333333333335
52 0.10078125 0.5677083333333334 0.0703125 0.05
38 0.4765625 0.5885416666666666 0.353125 0.15208333333333332
38 0.90078125 0.559375 0.1984375 0.16666666666666666
44 0.71015625 0.6145833333333334 0.040625 0.06666666666666667
38 0.2734375 0.4322916666666667 0.1578125 0.075
22 0.3921875 0.85625 0.6765625 0.25625
75 0.00144143125 0.0008764979166666667 0.0002421390625 0.0006178395833333334
21 0.06015625 0.42083333333333334 0.046875 0.08125