18 0.55703125 0.6114583333333333 0.1796875 0.08125
18 0.62734375 0.6072916666666667 0.084375 0.08333333333333333
74 0.9078125 0.5864583333333333 0.184375 0.1
74 0.26796875 0.571875 0.0390625 0.06875
72 0.13828125 0.2947916666666667 0.0234375 0.06666666666666667
72 0.48203125 0.40625 0.0203125 0.07916666666666666
72 0.5375 0.35625 0.021875 0.07291666666666667
72 0.5328125 0.15104166666666666 0.0296875 0.09375
18 0.32421875 0.5989583333333334 0.0109375 0.0125
72 0.42734375 0.45625 0.015625 0.05625
72 0.56640625 0.4427083333333333 0.0453125 0.075