43 0.72578125 0.5822916666666667 0.0265625 0.03958333333333333
48 0.715625 0.553125 0.053125 0.09583333333333334
18 0.62890625 0.66875 0.2546875 0.2604166666666667
18 0.3609375 0.5520833333333334 0.109375 0.11458333333333333
18 0.20234375 0.46770833333333334 0.05625 0.05416666666666667
18 0.25078125 0.45625 0.0296875 0.03125
18 0.40625 0.4427083333333333 0.0296875 0.035416666666666666
18 0.6953125 0.440625 0.01875 0.022916666666666665
18 0.15703125 0.5520833333333334 0.121875 0.11458333333333333
18 0.31953125 0.4583333333333333 0.0375 0.041666666666666664
18 0.59453125 0.528125 0.0921875 0.05
18 0.46640625 0.440625 0.034375 0.010416666666666666
18 0.43046875 0.44479166666666664 0.0203125 0.01875
18 0.6796875 0.4375 0.0171875 0.029166666666666667