18 0.5796875 0.3086854460093897 0.5640625 0.31220657276995306
18 0.2828125 0.23591549295774647 0.04375 0.03990610328638498
18 0.209375 0.2476525821596244 0.0375 0.051643192488262914
18 0.17578125 0.26291079812206575 0.05 0.04929577464788732
18 0.0359375 0.2664319248826291 0.065625 0.0539906103286385
18 0.11875 0.27582159624413144 0.06875 0.051643192488262914
18 0.1484375 0.2476525821596244 0.015625 0.03051643192488263
43 0.4703125 0.47300469483568075 0.5515625 0.5516431924882629
48 0.47734375 0.44014084507042256 0.2203125 0.7183098591549296
48 0.11796875 0.27582159624413144 0.03125 0.09389671361502347
18 0.04453125 0.2852112676056338 0.078125 0.06103286384976526
43 0.12578125 0.3145539906103286 0.028125 0.056338028169014086