21 0.23671875 0.13348946135831383 0.0078125 0.01405152224824356
35 0.80703125 0.46252927400468385 0.0421875 0.07728337236533958
48 0.384375 0.4637002341920375 0.234375 0.8430913348946136
48 0.5109375 0.5210772833723654 0.1921875 0.6908665105386417
48 0.74140625 0.2716627634660422 0.01875 0.02810304449648712
48 0.67109375 0.32903981264637 0.0671875 0.1686182669789227
48 0.96796875 0.4016393442622951 0.0484375 0.18969555035128804
48 0.85078125 0.42271662763466045 0.0828125 0.32084309133489464
48 0.2234375 0.25526932084309134 0.0984375 0.32786885245901637
48 0.6921875 0.4718969555035129 0.1515625 0.38173302107728335
48 0.77734375 0.40398126463700235 0.090625 0.3114754098360656
2 0.971875 0.36533957845433257 0.034375 0.06323185011709602
35 0.215625 0.22833723653395785 0.0265625 0.10070257611241218
48 0.51328125 0.23653395784543327 0.0390625 0.08899297423887588
48 0.8984375 0.40046838407494145 0.078125 0.2997658079625293
35 0.6546875 0.47306791569086654 0.09375 0.07962529274004684
35 0.3328125 0.39344262295081966 0.1421875 0.4637002341920375
35 0.78671875 0.35714285714285715 0.053125 0.08430913348946135
21 0.72890625 0.3372365339578454 0.009375 0.01405152224824356
21 0.47578125 0.5819672131147541 0.015625 0.04215456674473068
35 0.63359375 0.382903981264637 0.0234375 0.0585480093676815