78 0.6018735362997658 0.78671875 0.08196721311475409 0.0875
25 0.550351288056206 0.85703125 0.12177985948477751 0.06875
31 0.6405152224824356 0.7109375 0.04918032786885246 0.0125
31 0.2892271662763466 0.65859375 0.1405152224824356 0.0234375
31 0.4918032786885246 0.56171875 0.3559718969555035 0.309375
40 0.6569086651053864 0.72421875 0.07728337236533958 0.034375
48 0.13114754098360656 0.58125 0.26229508196721313 0.40625
48 0.265807962529274 0.41640625 0.19672131147540983 0.275
48 0.38524590163934425 0.84296875 0.5667447306791569 0.3140625
48 0.8372365339578455 0.72890625 0.3255269320843091 0.5421875
48 0.7927400468384075 0.4828125 0.41451990632318503 0.2359375
13 0.40046838407494145 0.63828125 0.04215456674473068 0.0953125
13 0.4063231850117096 0.496875 0.04215456674473068 0.0875
13 0.5562060889929742 0.6875 0.04918032786885246 0.103125
13 0.44028103044496486 0.41640625 0.02107728337236534 0.0515625
13 0.43676814988290397 0.47265625 0.02576112412177986 0.0609375
13 0.4426229508196721 0.6796875 0.04918032786885246 0.0921875
13 0.4519906323185012 0.55859375 0.03044496487119438 0.0640625
13 0.48711943793911006 0.52890625 0.03044496487119438 0.0765625
25 0.5011709601873536 0.5890625 0.06791569086651054 0.0390625
25 0.36533957845433257 0.5140625 0.03747072599531616 0.03125
25 0.41569086651053866 0.39609375 0.03747072599531616 0.0203125
25 0.382903981264637 0.40625 0.02576112412177986 0.025
40 0.509367681498829 0.92578125 0.07259953161592506 0.0203125
61 0.5679156908665105 0.51796875 0.0468384074941452 0.0125
61 0.38875878220140514 0.41640625 0.01873536299765808 0.025
14 0.6370023419203747 0.5984375 0.1873536299765808 0.0625
14 0.5538641686182669 0.46484375 0.12646370023419204 0.0328125
14 0.4203747072599532 0.39765625 0.0468384074941452 0.025
14 0.3337236533957845 0.4203125 0.07962529274004684 0.025
14 0.33021077283372363 0.48671875 0.1405152224824356 0.0421875
22 0.0585480093676815 0.43203125 0.03044496487119438 0.0609375
22 0.7634660421545667 0.39375 0.01873536299765808 0.021875
21 0.2576112412177986 0.68359375 0.09601873536299765 0.0203125
48 0.585480093676815 0.3671875 0.24355971896955503 0.1203125
48 0.5901639344262295 0.3296875 0.15456674473067916 0.1203125
48 0.4238875878220141 0.32421875 0.1686182669789227 0.146875
48 0.7259953161592506 0.446875 0.16159250585480095 0.21875
14 0.5421545667447307 0.4296875 0.09601873536299765 0.0328125
14 0.5023419203747073 0.59140625 0.0702576112412178 0.04375
22 0.9203747072599532 0.325 0.08899297423887588 0.103125
22 0.8290398126463701 0.32109375 0.09601873536299765 0.103125
22 0.7412177985948478 0.3078125 0.08899297423887588 0.1015625
22 0.6627634660421545 0.29296875 0.07728337236533958 0.0671875
22 0.06206088992974239 0.77734375 0.12177985948477751 0.0140625
13 0.4918032786885246 0.703125 0.0468384074941452 0.084375
13 0.4707259953161593 0.42421875 0.01639344262295082 0.034375
13 0.40398126463700235 0.66484375 0.0468384074941452 0.0390625
26 0.0010914894613583137 0.0010723515625000002 0.002106081967213115 0.0009802984375
21 0.4028103044496487 0.44140625 0.04918032786885246 0.0140625
61 0.16510538641686182 0.89921875 0.1288056206088993 0.0125
25 0.39344262295081966 0.42578125 0.03044496487119438 0.025
25 0.48360655737704916 0.42421875 0.01873536299765808 0.0265625
25 0.4765807962529274 0.4 0.0234192037470726 0.0265625
25 0.45901639344262296 0.5109375 0.04215456674473068 0.0296875