76 0.8703125 0.13700234192037472 0.071875 0.11007025761124122
48 0.59765625 0.4918032786885246 0.059375 0.08430913348946135
65 0.940625 0.5351288056206089 0.059375 0.01639344262295082
65 0.92890625 0.5046838407494145 0.0578125 0.02107728337236534
65 0.6703125 0.7365339578454333 0.0375 0.11241217798594848
65 0.803125 0.3840749414519906 0.1109375 0.03981264637002342
65 0.7796875 0.3161592505854801 0.11875 0.01639344262295082
65 0.7734375 0.2903981264637002 0.121875 0.02576112412177986
65 0.9609375 0.5936768149882904 0.05625 0.01873536299765808
65 0.00152633125 0.0015281990632318501 0.0000723390625 0.000042175644028103046
65 0.9828125 0.6850117096018735 0.034375 0.02576112412177986
65 0.80625 0.39344262295081966 0.1109375 0.03747072599531616
65 0.784375 0.3430913348946136 0.1109375 0.01639344262295082
11 0.740625 0.43676814988290397 0.2609375 0.08665105386416862
11 0.67109375 0.2259953161592506 0.334375 0.08430913348946135
65 0.7703125 0.2728337236533958 0.1203125 0.0234192037470726
65 0.96875 0.6241217798594848 0.0546875 0.02107728337236534