57 0.85390625 0.7393867924528302 0.08125 0.04009433962264151
57 0.753125 0.6662735849056604 0.028125 0.01179245283018868
48 0.8625 0.5648584905660378 0.15 0.37028301886792453
48 0.66953125 0.6285377358490566 0.0375 0.0660377358490566
48 0.7578125 0.5931603773584906 0.0359375 0.14858490566037735
48 0.7828125 0.5860849056603774 0.0171875 0.03773584905660377
48 0.646875 0.6025943396226415 0.0390625 0.125
48 0.95625 0.5365566037735849 0.025 0.06367924528301887
48 0.9546875 0.6261792452830188 0.04375 0.08726415094339622
48 0.72890625 0.6049528301886793 0.025 0.12264150943396226
48 0.71171875 0.5966981132075472 0.0234375 0.12971698113207547
48 0.45703125 0.5801886792452831 0.0140625 0.02358490566037736
48 0.50625 0.5825471698113207 0.0125 0.02830188679245283
48 0.97109375 0.5448113207547169 0.0140625 0.014150943396226415
48 0.9765625 0.5837264150943396 0.0296875 0.0660377358490566