15 0.3796875 0.667447306791569 0.2265625 0.22482435597189696
15 0.52734375 0.6405152224824356 0.196875 0.3185011709601874
15 0.10859375 0.33489461358313816 0.2171875 0.4637002341920375
15 0.43984375 0.8442622950819673 0.2453125 0.24121779859484777
15 0.06015625 0.7786885245901639 0.103125 0.4332552693208431
15 0.6609375 0.36768149882903983 0.06875 0.1288056206088993
15 0.30234375 0.3747072599531616 0.13125 0.23185011709601874
15 0.27109375 0.7822014051522248 0.1453125 0.117096018735363
15 0.259375 0.5702576112412178 0.1828125 0.22950819672131148
15 0.27578125 0.43911007025761123 0.1359375 0.08430913348946135
15 0.5015625 0.34543325526932084 0.4359375 0.3325526932084309
48 0.95546875 0.22482435597189696 0.0875 0.4449648711943794