9 0.30703125 0.48014018691588783 0.046875 0.102803738317757
9 0.30390625 0.7885514018691588 0.178125 0.40186915887850466
9 0.4578125 0.5257009345794392 0.0578125 0.1985981308411215
18 0.61796875 0.4544392523364486 0.134375 0.15186915887850466
18 0.06640625 0.49182242990654207 0.1328125 0.25934579439252337
16 0.8359375 0.36565420560747663 0.3234375 0.35046728971962615
48 0.22734375 0.3820093457943925 0.028125 0.1261682242990654
48 0.25703125 0.3796728971962617 0.028125 0.1191588785046729
48 0.45078125 0.4462616822429907 0.065625 0.26635514018691586
48 0.3421875 0.5747663551401869 0.190625 0.7406542056074766
48 0.66953125 0.36098130841121495 0.0296875 0.035046728971962614
48 0.52421875 0.41939252336448596 0.0453125 0.1985981308411215
48 0.31015625 0.3855140186915888 0.0390625 0.09813084112149532
48 0.496875 0.4357476635514019 0.046875 0.21495327102803738
2 0.184375 0.3820093457943925 0.0625 0.08177570093457943
48 0.6125 0.37149532710280375 0.03125 0.04906542056074766
48 0.01796875 0.3235981308411215 0.0359375 0.0911214953271028
48 0.4796875 0.352803738317757 0.0171875 0.028037383177570093
9 0.15625 0.5432242990654206 0.1203125 0.17757009345794392
48 0.1609375 0.4602803738317757 0.1 0.2733644859813084
9 0.5140625 0.5035046728971962 0.0453125 0.12383177570093458
48 0.03203125 0.3399532710280374 0.0171875 0.04439252336448598