15 0.16015625 0.4827981651376147 0.221875 0.25229357798165136
15 0.4328125 0.37729357798165136 0.2765625 0.2706422018348624
15 0.25859375 0.7545871559633027 0.184375 0.22477064220183487
15 0.09453125 0.7981651376146789 0.184375 0.23394495412844038
15 0.928125 0.45871559633027525 0.14375 0.17660550458715596
15 0.7828125 0.23738532110091742 0.1484375 0.18807339449541285
15 0.48046875 0.13646788990825687 0.128125 0.21330275229357798
15 0.328125 0.1444954128440367 0.1015625 0.1926605504587156
14 0.50078125 0.49426605504587157 0.9984375 0.9839449541284404
15 0.2390625 0.13073394495412843 0.21875 0.1811926605504587
15 0.396875 0.17087155963302753 0.0953125 0.22018348623853212
15 0.79453125 0.8119266055045872 0.1546875 0.29357798165137616
15 0.60390625 0.9403669724770642 0.221875 0.08944954128440367
15 0.7796875 0.838302752293578 0.059375 0.15825688073394495