27 0.5768421052631579 0.83671875 0.13263157894736843 0.046875
22 0.26 0.7921875 0.08421052631578947 0.1328125
41 0.24 0.18515625 0.09052631578947369 0.0390625
64 0.7936842105263158 0.440625 0.2 0.10625
64 0.9315789473684211 0.43046875 0.13052631578947368 0.1296875
22 0.3178947368421053 0.21953125 0.15578947368421053 0.1171875
41 0.15368421052631578 0.7546875 0.10947368421052632 0.0515625
38 0.08526315789473685 0.80234375 0.12842105263157894 0.03125
38 0.19052631578947368 0.22109375 0.09052631578947369 0.025
38 0.2463157894736842 0.19609375 0.056842105263157895 0.0078125
12 0.7578947368421053 0.18046875 0.016842105263157894 0.03125
12 0.6789473684210526 0.16875 0.02736842105263158 0.0328125
12 0.7452631578947368 0.1796875 0.010526315789473684 0.025
12 0.7031578947368421 0.1734375 0.021052631578947368 0.0265625
12 0.7789473684210526 0.18125 0.03368421052631579 0.0296875
12 0.6968421052631579 0.16640625 0.042105263157894736 0.0359375
12 0.7505263157894737 0.175 0.01263157894736842 0.040625
12 0.7378947368421053 0.175 0.018947368421052633 0.034375
12 0.6505263157894737 0.71171875 0.008421052631578947 0.028125
12 0.6157894736842106 0.70859375 0.018947368421052633 0.03125
12 0.5894736842105263 0.709375 0.014736842105263158 0.0296875