55 0.5984375 0.703125 0.0921875 0.09583333333333334
55 0.6375 0.571875 0.0484375 0.05
55 0.51875 0.58125 0.040625 0.05
55 0.440625 0.6166666666666667 0.040625 0.029166666666666667
55 0.3265625 0.5760416666666667 0.05 0.03125
55 0.92734375 0.646875 0.040625 0.075
55 0.22109375 0.5302083333333333 0.0203125 0.035416666666666666
55 0.82421875 0.5770833333333333 0.0296875 0.020833333333333332
55 0.721875 0.56875 0.0234375 0.016666666666666666
55 0.6921875 0.53125 0.0171875 0.014583333333333334
55 0.3703125 0.6302083333333334 0.04375 0.03333333333333333
55 0.9640625 0.546875 0.0140625 0.020833333333333332
55 0.196875 0.525 0.0234375 0.027083333333333334