7 0.4364705882352941 0.6875 0.5152941176470588 0.15
76 0.4164705882352941 0.50859375 0.08 0.0328125
76 0.4423529411764706 0.50078125 0.023529411764705882 0.015625
76 0.2858823529411765 0.515625 0.08705882352941176 0.0390625
76 0.9694117647058823 0.4984375 0.021176470588235293 0.0078125
76 0.9835294117647059 0.4984375 0.011764705882352941 0.00625
22 0.2611764705882353 0.5421875 0.05647058823529412 0.025
22 0.31411764705882356 0.540625 0.05176470588235294 0.025
22 0.38 0.54296875 0.08 0.0234375
22 0.38941176470588235 0.53671875 0.06352941176470588 0.01875
48 0.9776470588235294 0.50859375 0.011764705882352941 0.0171875
76 0.8611764705882353 0.50234375 0.009411764705882352 0.009375