36 0.343 0.42133333333333334 0.176 0.29333333333333333
48 0.292 0.5226666666666666 0.108 0.36533333333333334
48 0.102 0.6306666666666667 0.19 0.7093333333333334
48 0.365 0.30133333333333334 0.106 0.22933333333333333
48 0.573 0.36933333333333335 0.026 0.09866666666666667
48 0.639 0.352 0.012 0.037333333333333336
48 0.628 0.352 0.012 0.050666666666666665
8 0.127 0.4746666666666667 0.058 0.056
12 0.173 0.428 0.02 0.018666666666666668
48 0.505 0.36133333333333334 0.018 0.04
48 0.149 0.43733333333333335 0.068 0.128