48 0.38359375 0.26145833333333335 0.353125 0.5229166666666667
48 0.57890625 0.7760416666666666 0.0734375 0.18541666666666667
48 0.6734375 0.784375 0.053125 0.14375
57 0.390625 0.528125 0.203125 0.05416666666666667
2 0.575 0.7208333333333333 0.0390625 0.07291666666666667
48 0.72421875 0.571875 0.0171875 0.06041666666666667
48 0.7484375 0.5833333333333334 0.0109375 0.0375
48 0.7640625 0.5916666666666667 0.0109375 0.0375
76 0.33203125 0.6447916666666667 0.0984375 0.0625
57 0.709375 0.8041666666666667 0.01875 0.014583333333333334
48 0.06796875 0.7333333333333333 0.040625 0.041666666666666664
48 0.99140625 0.6572916666666667 0.009375 0.0125
48 0.03671875 0.7197916666666667 0.0140625 0.022916666666666665
48 0.88515625 0.6364583333333333 0.00625 0.035416666666666666
48 0.97734375 0.640625 0.0125 0.04583333333333333
48 0.64140625 0.7416666666666667 0.028125 0.075