2 0.95625 0.3356643356643357 0.0078125 0.03263403263403263
2 0.58515625 0.34032634032634035 0.025 0.06293706293706294
48 0.31953125 0.5372960372960373 0.309375 0.7342657342657343
48 0.64453125 0.48484848484848486 0.1296875 0.3682983682983683
48 0.11484375 0.3951048951048951 0.05625 0.34965034965034963
48 0.571875 0.37995337995337997 0.0328125 0.17249417249417248
48 0.54296875 0.41025641025641024 0.040625 0.14685314685314685
48 0.40390625 0.38461538461538464 0.0328125 0.2400932400932401
48 0.3796875 0.3613053613053613 0.0296875 0.1655011655011655
48 0.9203125 0.3578088578088578 0.0296875 0.13752913752913754
48 0.89375 0.34965034965034963 0.0265625 0.12354312354312354
48 0.73984375 0.34265734265734266 0.01875 0.0675990675990676
48 0.6234375 0.3333333333333333 0.0296875 0.07459207459207459
2 0.8234375 0.3822843822843823 0.0203125 0.023310023310023312
2 0.45703125 0.3298368298368298 0.0328125 0.053613053613053616
58 0.35078125 0.8764568764568764 0.3375 0.13053613053613053
58 0.60703125 0.6736596736596736 0.1078125 0.03496503496503497
48 0.56640625 0.31585081585081587 0.015625 0.04428904428904429
2 0.6046875 0.34498834498834496 0.0171875 0.06993006993006994
48 0.42265625 0.38578088578088576 0.040625 0.2261072261072261
58 0.53359375 0.47785547785547783 0.0484375 0.009324009324009324