11 0.8822916666666667 0.67734375 0.1625 0.03125
11 0.46145833333333336 0.6578125 0.0625 0.0234375
11 0.5854166666666667 0.71875 0.24166666666666667 0.109375
11 0.290625 0.52578125 0.10833333333333334 0.35
11 0.6239583333333333 0.64375 0.06458333333333334 0.0359375
11 0.8354166666666667 0.64921875 0.13333333333333333 0.0171875
11 0.13333333333333333 0.66953125 0.1 0.0421875
11 0.740625 0.64140625 0.07291666666666667 0.0265625
11 0.5510416666666667 0.63828125 0.041666666666666664 0.01875
11 0.15 0.5328125 0.08958333333333333 0.23125
11 0.9697916666666667 0.64921875 0.06041666666666667 0.0328125
11 0.8864583333333333 0.6375 0.07291666666666667 0.03125
11 0.9135416666666667 0.63203125 0.07083333333333333 0.0203125