21 0.53828125 0.9225941422594143 0.1265625 0.05439330543933055
21 0.48671875 0.7510460251046025 0.059375 0.0397489539748954
22 0.0013457515625 0.0017055251046025105 0.00043349687500000004 0.0007730523012552301
48 0.2953125 0.4696652719665272 0.3796875 0.50418410041841
26 0.39765625 0.856694560669456 0.7953125 0.28661087866108786
41 0.2171875 0.6778242677824268 0.4046875 0.2615062761506276
44 0.0234375 0.7824267782426778 0.046875 0.05230125523012552
14 0.090625 0.9131799163179917 0.18125 0.16736401673640167
22 0.95703125 0.6161087866108786 0.0859375 0.08368200836820083
23 0.0234375 0.18305439330543932 0.0453125 0.10460251046025104
22 0.546875 0.7228033472803347 0.146875 0.16736401673640167