13 0.56796875 0.09270833333333334 0.0234375 0.06875
26 0.0008954109375 0.00115390625 0.0013341796875 0.0017899312500000001
48 0.2828125 0.496875 0.565625 0.9875
13 0.8140625 0.084375 0.021875 0.04791666666666667
25 0.246875 0.17291666666666666 0.0296875 0.075
17 0.46875 0.534375 0.4484375 0.3458333333333333
17 0.2421875 0.3489583333333333 0.0484375 0.06041666666666667
17 0.73359375 0.40729166666666666 0.0765625 0.07083333333333333
41 0.0014368046875 0.0007161020833333333 0.00025139218750000003 0.0006326395833333334
31 0.85078125 0.509375 0.0265625 0.08958333333333333
31 0.69453125 0.4979166666666667 0.0609375 0.10416666666666667
31 0.7 0.5354166666666667 0.0984375 0.09791666666666667
31 0.76953125 0.465625 0.028125 0.035416666666666666
31 0.82421875 0.5166666666666667 0.04375 0.09583333333333334
22 0.22421875 0.10833333333333334 0.134375 0.15208333333333332
22 0.7328125 0.23645833333333333 0.215625 0.15833333333333333
22 0.5984375 0.19583333333333333 0.1484375 0.12916666666666668
22 0.7390625 0.04895833333333333 0.153125 0.09791666666666667
22 0.7296875 0.14270833333333333 0.1421875 0.1
22 0.546875 0.16875 0.11875 0.1125
26 0.684375 0.14375 0.415625 0.09166666666666666
22 0.38359375 0.08958333333333333 0.034375 0.0875
40 0.42421875 0.41458333333333336 0.053125 0.225
31 0.72578125 0.49270833333333336 0.0578125 0.07291666666666667