22 0.26640625 0.6509433962264151 0.05 0.14386792452830188
32 0.8734375 0.6415094339622641 0.0609375 0.04009433962264151
32 0.6890625 0.5436320754716981 0.0328125 0.04009433962264151
32 0.434375 0.5766509433962265 0.0375 0.025943396226415096
32 0.28125 0.6898584905660378 0.0234375 0.01179245283018868
48 0.11953125 0.5931603773584906 0.1109375 0.33726415094339623
48 0.165625 0.527122641509434 0.05625 0.20518867924528303
48 0.24609375 0.6155660377358491 0.084375 0.2665094339622642
48 0.3703125 0.6049528301886793 0.0796875 0.3419811320754717
48 0.509375 0.6709905660377359 0.1125 0.42452830188679247
48 0.81015625 0.7358490566037735 0.2265625 0.5283018867924528
48 0.628125 0.6615566037735849 0.18125 0.5306603773584906
48 0.4296875 0.6367924528301887 0.1 0.33490566037735847
32 0.26015625 0.7099056603773585 0.028125 0.014150943396226415