12 0.17578125 0.2375 0.0734375 0.47291666666666665
12 0.21328125 0.23854166666666668 0.0515625 0.4666666666666667
12 0.484375 0.07604166666666666 0.059375 0.14375
12 0.12578125 0.9052083333333333 0.065625 0.18958333333333333
12 0.784375 0.8875 0.06875 0.2125
12 0.1453125 0.24270833333333333 0.0609375 0.4791666666666667
12 0.24296875 0.23958333333333334 0.046875 0.4791666666666667
66 0.48125 0.5541666666666667 0.4671875 0.8541666666666666
12 0.1171875 0.24166666666666667 0.0796875 0.46875
12 0.32578125 0.20833333333333334 0.0515625 0.41041666666666665
12 0.40546875 0.065625 0.04375 0.13125
12 0.63359375 0.178125 0.05625 0.34375
12 0.70234375 0.24895833333333334 0.0953125 0.4979166666666667
12 0.2765625 0.23645833333333333 0.0578125 0.4666666666666667