51 0.06875 0.5925058548009368 0.13125 0.5807962529274004
22 0.38046875 0.5562060889929742 0.0265625 0.10304449648711944
60 0.35546875 0.49414519906323184 0.0734375 0.09836065573770492
14 0.66640625 0.2716627634660422 0.040625 0.0234192037470726
46 0.57265625 0.6206088992974239 0.140625 0.27634660421545665
56 0.74140625 0.6873536299765808 0.1765625 0.14285714285714285
25 0.2125 0.2786885245901639 0.0234375 0.03044496487119438
25 0.11171875 0.2576112412177986 0.0171875 0.03981264637002342
45 0.8578125 0.544496487119438 0.0109375 0.00702576112412178
45 0.85625 0.5608899297423887 0.015625 0.0234192037470726
25 0.2484375 0.2810304449648712 0.015625 0.03981264637002342
25 0.10390625 0.33138173302107726 0.0078125 0.03278688524590164
25 0.1140625 0.3337236533957845 0.015625 0.0351288056206089
25 0.13984375 0.3325526932084309 0.0171875 0.03278688524590164
25 0.0953125 0.2576112412177986 0.0140625 0.03278688524590164
25 0.20546875 0.3231850117096019 0.0046875 0.0117096018735363
25 0.23203125 0.2786885245901639 0.0140625 0.04215456674473068
25 0.20625 0.3442622950819672 0.0046875 0.02576112412177986
40 0.65234375 0.4953161592505855 0.0046875 0.03747072599531616
40 0.659375 0.4929742388758782 0.003125 0.02810304449648712
40 0.6515625 0.49882903981264637 0.003125 0.02576112412177986
40 0.65703125 0.5011709601873536 0.003125 0.0234192037470726
40 0.6484375 0.49414519906323184 0.003125 0.03278688524590164
14 0.5453125 0.28688524590163933 0.0359375 0.0117096018735363