13 0.28203125 0.5082159624413145 0.028125 0.15492957746478872
22 0.3734375 0.8791079812206573 0.290625 0.24178403755868544
22 0.6703125 0.8274647887323944 0.2984375 0.31690140845070425
22 0.12890625 0.8098591549295775 0.234375 0.3615023474178404
48 0.8515625 0.6056338028169014 0.20625 0.49061032863849763
48 0.6625 0.40375586854460094 0.1375 0.2300469483568075
48 0.55390625 0.39906103286384975 0.0984375 0.18544600938967137
48 0.90703125 0.2676056338028169 0.1 0.22065727699530516
48 0.43515625 0.3955399061032864 0.109375 0.19718309859154928
48 0.83359375 0.49178403755868544 0.1328125 0.3615023474178404
40 0.48359375 0.7136150234741784 0.0109375 0.06103286384976526
48 0.17265625 0.4565727699530516 0.0875 0.23708920187793428
48 0.0734375 0.57981220657277 0.1453125 0.5117370892018779
48 0.3171875 0.36971830985915494 0.065625 0.17136150234741784
78 0.46328125 0.6267605633802817 0.0375 0.11971830985915492
78 0.32421875 0.613849765258216 0.0359375 0.11737089201877934
78 0.671875 0.539906103286385 0.028125 0.09624413145539906
78 0.509375 0.4788732394366197 0.0265625 0.07746478873239436
78 0.6265625 0.4835680751173709 0.0203125 0.04225352112676056
78 0.42734375 0.4788732394366197 0.0234375 0.07042253521126761
78 0.33046875 0.49413145539906106 0.0265625 0.07511737089201878
31 0.3515625 0.6901408450704225 0.025 0.051643192488262914
31 0.5609375 0.704225352112676 0.0453125 0.035211267605633804
22 0.87421875 0.7969483568075117 0.1625 0.39906103286384975
78 0.240625 0.5821596244131455 0.0296875 0.10093896713615023
78 0.4 0.4706572769953052 0.01875 0.046948356807511735
78 0.259375 0.568075117370892 0.0265625 0.09624413145539906
78 0.48671875 0.6103286384976526 0.028125 0.1056338028169014
78 0.6265625 0.5856807511737089 0.0328125 0.11502347417840375
40 0.30859375 0.6971830985915493 0.0453125 0.03990610328638498
40 0.2703125 0.6936619718309859 0.084375 0.04225352112676056
40 0.290625 0.6443661971830986 0.040625 0.025821596244131457
40 0.54140625 0.6748826291079812 0.0171875 0.028169014084507043
22 0.8046875 0.4812206572769953 0.090625 0.16901408450704225
22 0.12109375 0.7429577464788732 0.028125 0.04929577464788732
22 0.71484375 0.37910798122065725 0.028125 0.025821596244131457
22 0.76875 0.3474178403755869 0.059375 0.09154929577464789
26 0.44296875 0.602112676056338 0.6875 0.3474178403755869
26 0.771875 0.4154929577464789 0.1109375 0.06103286384976526
26 0.68515625 0.357981220657277 0.03125 0.03286384976525822
26 0.6234375 0.32981220657276994 0.0140625 0.01643192488262911
26 0.6078125 0.30633802816901406 0.0265625 0.028169014084507043
26 0.4921875 0.2875586854460094 0.0546875 0.04225352112676056
48 0.56015625 0.25234741784037557 0.0265625 0.08685446009389672
48 0.4796875 0.23591549295774647 0.0234375 0.03990610328638498
25 0.62265625 0.5176056338028169 0.0234375 0.03755868544600939
25 0.59375 0.5140845070422535 0.0171875 0.018779342723004695
31 0.346875 0.7053990610328639 0.0359375 0.05868544600938967
31 0.5890625 0.6995305164319249 0.0359375 0.04460093896713615
31 0.7359375 0.5645539906103286 0.0359375 0.018779342723004695
48 0.271875 0.426056338028169 0.096875 0.19014084507042253
78 0.5734375 0.4765258215962441 0.021875 0.07511737089201878
61 0.34765625 0.7065727699530516 0.034375 0.0539906103286385