13 0.48828125 0.6895833333333333 0.04375 0.19166666666666668
68 0.30390625 0.4666666666666667 0.059375 0.32916666666666666
68 0.4828125 0.4583333333333333 0.053125 0.2833333333333333
26 0.5375 0.8333333333333334 0.8328125 0.3020833333333333
48 0.20625 0.55625 0.4125 0.8875
48 0.815625 0.5885416666666666 0.2375 0.7958333333333333
48 0.95546875 0.646875 0.0890625 0.6791666666666667
25 0.73125 0.4322916666666667 0.0484375 0.06458333333333334
25 0.4328125 0.7958333333333333 0.05 0.15416666666666667
25 0.3671875 0.7239583333333334 0.0390625 0.06458333333333334
13 0.6453125 0.7791666666666667 0.0421875 0.175
13 0.6140625 0.7427083333333333 0.0328125 0.17083333333333334
25 0.27265625 0.7864583333333334 0.04375 0.14166666666666666
25 0.309375 0.79375 0.0390625 0.15208333333333332
25 0.45390625 0.7322916666666667 0.0453125 0.05625
25 0.34453125 0.7479166666666667 0.04375 0.06041666666666667
25 0.2890625 0.7270833333333333 0.0296875 0.06666666666666667
25 0.4 0.7322916666666667 0.0390625 0.05625
25 0.31953125 0.725 0.0421875 0.029166666666666667
23 0.54296875 0.6520833333333333 0.0296875 0.01875
25 0.34375 0.69375 0.021875 0.0375
48 0.46640625 0.4510416666666667 0.2078125 0.59375
25 0.34140625 0.875 0.0484375 0.014583333333333334
25 0.42109375 0.7145833333333333 0.028125 0.03958333333333333