9 0.46484375 0.7947916666666667 0.0859375 0.33958333333333335
9 0.71796875 0.5895833333333333 0.028125 0.09375
9 0.63828125 0.63125 0.0609375 0.13958333333333334
64 0.5921875 0.5833333333333334 0.0609375 0.06041666666666667
48 0.5265625 0.6125 0.0765625 0.25625
48 0.62734375 0.55625 0.0640625 0.1625
48 0.63984375 0.5052083333333334 0.0171875 0.041666666666666664
48 0.70703125 0.48333333333333334 0.009375 0.025
48 0.8921875 0.5635416666666667 0.1125 0.18958333333333333
48 0.4125 0.7010416666666667 0.1265625 0.45625
48 0.7921875 0.5947916666666667 0.078125 0.17916666666666667
48 0.9515625 0.5802083333333333 0.03125 0.12916666666666668
48 0.0890625 0.703125 0.1171875 0.27291666666666664
48 0.68359375 0.6020833333333333 0.046875 0.225
48 0.02421875 0.609375 0.040625 0.3458333333333333
48 0.58359375 0.509375 0.040625 0.09166666666666666
9 0.95078125 0.5927083333333333 0.0234375 0.09583333333333334
43 0.79296875 0.6364583333333333 0.0609375 0.1375
48 0.490625 0.5020833333333333 0.01875 0.035416666666666666
9 0.7296875 0.5677083333333334 0.021875 0.05
9 0.5421875 0.7239583333333334 0.1234375 0.23541666666666666