43 0.62421875 0.5072916666666667 0.0265625 0.04791666666666667
48 0.86015625 0.9625 0.03125 0.075
48 0.1859375 0.721875 0.028125 0.07916666666666666
48 0.20703125 0.7229166666666667 0.021875 0.06666666666666667
48 0.12578125 0.8104166666666667 0.0453125 0.05625
48 0.05390625 0.6239583333333333 0.025 0.058333333333333334
48 0.78828125 0.6479166666666667 0.025 0.0875
48 0.65 0.5520833333333334 0.01875 0.07083333333333333
48 0.92109375 0.728125 0.0234375 0.07916666666666666
48 0.7859375 0.7291666666666666 0.0265625 0.075
48 0.26875 0.9270833333333334 0.0375 0.06041666666666667
48 0.77890625 0.4666666666666667 0.0171875 0.0625
48 0.80546875 0.6333333333333333 0.01875 0.07708333333333334
18 0.2984375 0.840625 0.2 0.1125
18 0.08984375 0.8697916666666666 0.1796875 0.11666666666666667
18 0.17734375 0.6625 0.1625 0.09375
18 0.19765625 0.5822916666666667 0.1078125 0.08541666666666667
18 0.37109375 0.5177083333333333 0.1421875 0.09166666666666666
18 0.5109375 0.46458333333333335 0.128125 0.0875
18 0.76953125 0.35833333333333334 0.1125 0.075
2 0.05703125 0.6135416666666667 0.0109375 0.01875
35 0.86015625 0.7854166666666667 0.0171875 0.025
9 0.27578125 0.9489583333333333 0.0640625 0.04583333333333333
18 0.34375 0.6197916666666666 0.159375 0.08958333333333333
18 0.7734375 0.2947916666666667 0.040625 0.06666666666666667
18 0.640625 0.40208333333333335 0.10625 0.06875
18 0.72734375 0.20833333333333334 0.0421875 0.06875
18 0.3984375 0.4270833333333333 0.10625 0.06666666666666667
74 0.615625 0.25 0.1234375 0.0625
74 0.8953125 0.628125 0.109375 0.16875
74 0.50625 0.21666666666666667 0.09375 0.05416666666666667
74 0.52890625 0.19583333333333333 0.0921875 0.04791666666666667
74 0.484375 0.275 0.0890625 0.07083333333333333
72 0.93046875 0.15729166666666666 0.009375 0.027083333333333334
2 0.846875 0.9395833333333333 0.009375 0.016666666666666666
35 0.83671875 0.7541666666666667 0.021875 0.022916666666666665
35 0.8828125 0.7427083333333333 0.009375 0.025
35 0.784375 0.7354166666666667 0.015625 0.03333333333333333
35 0.7875 0.4791666666666667 0.0046875 0.029166666666666667
35 0.77265625 0.46875 0.0078125 0.0125
35 0.74921875 0.475 0.0109375 0.0125
48 0.87734375 0.49270833333333336 0.01875 0.07083333333333333
18 0.4765625 0.4427083333333333 0.0921875 0.08125
74 0.728125 0.20833333333333334 0.0421875 0.06458333333333334