48 0.747 0.49733333333333335 0.506 0.9866666666666667
25 0.04 0.33466666666666667 0.08 0.288
25 0.152 0.4 0.098 0.184
28 0.605 0.45866666666666667 0.1 0.12533333333333332
28 0.397 0.5946666666666667 0.12 0.14933333333333335
28 0.283 0.45066666666666666 0.106 0.14666666666666667
28 0.392 0.452 0.122 0.14133333333333334
28 0.503 0.4666666666666667 0.108 0.13333333333333333
28 0.628 0.5853333333333334 0.122 0.14133333333333334
28 0.51 0.592 0.114 0.152
28 0.517 0.7226666666666667 0.124 0.136
28 0.628 0.7106666666666667 0.106 0.13066666666666665
28 0.281 0.5866666666666667 0.106 0.13866666666666666
28 0.287 0.7266666666666667 0.108 0.15466666666666667
28 0.398 0.7333333333333333 0.12 0.13866666666666666
26 0.301 0.5866666666666667 0.598 0.792