36 0.287 0.6009036144578314 0.13 0.19578313253012047
36 0.416 0.8403614457831325 0.17 0.21686746987951808
36 0.821 0.5617469879518072 0.058 0.23493975903614459
36 0.922 0.40512048192771083 0.096 0.21084337349397592
17 0.501 0.5271084337349398 0.998 0.9246987951807228
36 0.36 0.5045180722891566 0.102 0.21084337349397592
36 0.319 0.463855421686747 0.13 0.1746987951807229
36 0.746 0.34036144578313254 0.086 0.12048192771084337
36 0.719 0.29066265060240964 0.08 0.10843373493975904
36 0.676 0.30120481927710846 0.04 0.10542168674698796
36 0.313 0.4307228915662651 0.128 0.1355421686746988
13 0.815 0.06475903614457831 0.112 0.12951807228915663