48 0.000542296875 0.0020344824355971896 0.000090503125 0.0006148782201405152
48 0.14765625 0.5105386416861827 0.0390625 0.14285714285714285
48 0.19375 0.9297423887587822 0.0546875 0.13817330210772832
48 0.196875 0.832552693208431 0.0578125 0.1592505854800937
48 0.28984375 0.860655737704918 0.0796875 0.12177985948477751
48 0.59453125 0.22716627634660422 0.0140625 0.02810304449648712
48 0.21015625 0.5081967213114754 0.0296875 0.12646370023419204
48 0.684375 0.22950819672131148 0.0125 0.03747072599531616
9 0.83125 0.7716627634660421 0.05 0.08196721311475409
74 0.83828125 0.24004683840749413 0.0484375 0.06323185011709602
72 0.30859375 0.19437939110070257 0.0203125 0.06791569086651054
35 0.46796875 0.7622950819672131 0.0296875 0.08196721311475409
48 0.1234375 0.4894613583138173 0.0265625 0.12412177985948478
48 0.4515625 0.8009367681498829 0.0640625 0.21779859484777517
9 0.8578125 0.8032786885245902 0.025 0.08665105386416862
9 0.84296875 0.9074941451990632 0.065625 0.0351288056206089
9 0.93046875 0.84192037470726 0.028125 0.02576112412177986
16 0.0014439703125 0.0011988758782201406 0.00023706093749999998 0.001126864168618267
72 0.1875 0.18618266978922718 0.0203125 0.04918032786885246
72 0.334375 0.19437939110070257 0.0171875 0.0702576112412178
2 0.96796875 0.8173302107728337 0.034375 0.053864168618266976
48 0.1890625 0.6885245901639344 0.0515625 0.1053864168618267
72 0.75234375 0.1873536299765808 0.0171875 0.07728337236533958
48 0.3515625 0.5058548009367682 0.0359375 0.08899297423887588
48 0.30625 0.65807962529274 0.0171875 0.12177985948477751