48 0.45550351288056207 0.1609375 0.06088992974238876 0.0390625
48 0.8758782201405152 0.11171875 0.1451990632318501 0.1578125
45 0.9192037470725996 0.77421875 0.11475409836065574 0.1140625
48 0.810304449648712 0.14296875 0.0468384074941452 0.09375
3 0.5995316159250585 0.553125 0.2529274004683841 0.0921875
3 0.8173302107728337 0.50859375 0.2505854800936768 0.2484375
3 0.17096018735362997 0.52734375 0.07259953161592506 0.0546875
3 0.20843091334894615 0.47890625 0.053864168618266976 0.046875
3 0.1252927400468384 0.60859375 0.22482435597189696 0.09375
3 0.2154566744730679 0.54296875 0.14754098360655737 0.075
3 0.08079625292740047 0.4921875 0.14285714285714285 0.11875
3 0.20960187353629978 0.47734375 0.18266978922716628 0.0859375
48 0.5784543325526932 0.25703125 0.3325526932084309 0.346875
18 0.39227166276346603 0.146875 0.20140515222482436 0.0546875
18 0.19086651053864168 0.14765625 0.11475409836065574 0.046875
3 0.3840749414519906 0.5453125 0.234192037470726 0.1609375
3 0.10421545667447307 0.415625 0.1451990632318501 0.071875
3 0.6346604215456675 0.5890625 0.2107728337236534 0.0890625
3 0.6112412177985949 0.471875 0.2107728337236534 0.1265625
45 0.949648711943794 0.6859375 0.05152224824355972 0.025
3 0.1288056206088993 0.53046875 0.1053864168618267 0.08125