60 0.3890625 0.890625 0.221875 0.21875
68 0.55859375 0.33645833333333336 0.0265625 0.09791666666666667
68 0.45234375 0.34479166666666666 0.0140625 0.04791666666666667
22 0.00030213593750000003 0.00180481875 0.0003470453125 0.0005570312499999999
22 0.37265625 0.8791666666666667 0.2015625 0.22083333333333333
48 0.56953125 0.37083333333333335 0.1046875 0.3229166666666667
48 0.44453125 0.36041666666666666 0.1296875 0.2625
48 0.88515625 0.621875 0.1234375 0.17083333333333334
48 0.59375 0.5895833333333333 0.11875 0.19166666666666668
48 0.7453125 0.6979166666666666 0.1890625 0.29375
48 0.74140625 0.5739583333333333 0.140625 0.14375
48 0.56328125 0.7541666666666667 0.3203125 0.4375
48 0.9421875 0.88125 0.115625 0.21666666666666667
48 0.8140625 0.909375 0.1484375 0.16041666666666668
22 0.86640625 0.7916666666666666 0.1953125 0.11875
22 0.35078125 0.7020833333333333 0.075 0.06875
48 0.934375 0.6791666666666667 0.13125 0.20416666666666666
48 0.26484375 0.6666666666666666 0.2125 0.3104166666666667
48 0.3921875 0.596875 0.1296875 0.2125
22 0.05078125 0.7729166666666667 0.096875 0.17708333333333334
22 0.1890625 0.6635416666666667 0.059375 0.09375
22 0.44296875 0.6916666666666667 0.0453125 0.06666666666666667
48 0.0921875 0.6354166666666666 0.15 0.20416666666666666
22 0.8453125 0.7072916666666667 0.0890625 0.06666666666666667
22 0.71328125 0.8447916666666667 0.090625 0.24583333333333332