18 0.7890625 0.5551643192488263 0.39375 0.3873239436619718
18 0.61328125 0.29694835680751175 0.0765625 0.1056338028169014
18 0.8296875 0.31103286384976525 0.121875 0.09389671361502347
18 0.07734375 0.352112676056338 0.15 0.14788732394366197
48 0.20625 0.4495305164319249 0.296875 0.5093896713615024
48 0.828125 0.4460093896713615 0.0546875 0.07276995305164319
57 0.26796875 0.7476525821596244 0.1359375 0.2605633802816901
18 0.12265625 0.2676056338028169 0.025 0.023474178403755867
72 0.11875 0.1572769953051643 0.01875 0.04460093896713615
72 0.1921875 0.14084507042253522 0.0109375 0.04460093896713615
72 0.271875 0.23826291079812206 0.009375 0.02112676056338028
72 0.2546875 0.2335680751173709 0.0109375 0.01643192488262911
72 0.3546875 0.23708920187793428 0.015625 0.025821596244131457