52 0.83203125 0.7832929782082324 0.1078125 0.4019370460048426
52 0.0013805671875 0.0011698498789346247 0.0003638671875 0.0023396973365617433
52 0.68828125 0.7832929782082324 0.1 0.37530266343825663
52 0.0009525265624999999 0.0019823365617433414 0.00012722187499999998 0.0008779443099273608
52 0.5375 0.8220338983050848 0.0765625 0.3559322033898305
52 0.47890625 0.8280871670702179 0.0515625 0.3365617433414044
52 0.64140625 0.4552058111380145 0.0890625 0.29539951573849876
52 0.43359375 0.5072639225181598 0.0890625 0.3196125907990315
52 0.165625 0.47578692493946734 0.078125 0.31234866828087166
52 0.35234375 0.4128329297820823 0.090625 0.4019370460048426
52 0.2109375 0.8196125907990315 0.0703125 0.36077481840193704
52 0.55703125 0.437046004842615 0.075 0.4067796610169492
52 0.35703125 0.801452784503632 0.08125 0.3583535108958838
52 0.63203125 0.14891041162227603 0.0765625 0.29539951573849876