13 0.6171875 0.459375 0.0625 0.30416666666666664
48 0.3765625 0.4947916666666667 0.75 0.9875
48 0.37578125 0.75625 0.3296875 0.43333333333333335
53 0.6296875 0.5822916666666667 0.078125 0.14375
78 0.92109375 0.734375 0.1578125 0.5291666666666667
78 0.69140625 0.5322916666666667 0.0703125 0.23541666666666666
78 0.65 0.5375 0.078125 0.20208333333333334
31 0.753125 0.9354166666666667 0.0953125 0.10833333333333334
14 0.871875 0.8041666666666667 0.159375 0.13958333333333334
14 0.76875 0.6895833333333333 0.1421875 0.13541666666666666
53 0.48203125 0.5625 0.03125 0.0375
26 0.74609375 0.6541666666666667 0.5078125 0.6916666666666667