16 0.51796875 0.4583333333333333 0.2609375 0.3229166666666667
16 0.17265625 0.42916666666666664 0.090625 0.17916666666666667
16 0.32109375 0.41354166666666664 0.075 0.09166666666666666
48 0.3078125 0.475 0.0171875 0.06666666666666667
48 0.77109375 0.5145833333333333 0.028125 0.10625
18 0.25703125 0.4395833333333333 0.0625 0.029166666666666667
48 0.90390625 0.5875 0.0375 0.16458333333333333
48 0.74375 0.5260416666666666 0.0265625 0.09583333333333334
48 0.94453125 0.5552083333333333 0.040625 0.12916666666666668
48 0.80625 0.5145833333333333 0.03125 0.09583333333333334
48 0.7203125 0.5020833333333333 0.0234375 0.08958333333333333
48 0.8640625 0.5197916666666667 0.03125 0.09166666666666666
48 0.6734375 0.5020833333333333 0.0203125 0.08125
48 0.001537 0.0011687291666666667 0.000051001562500000004 0.00028233541666666665
48 0.3109375 0.43854166666666666 0.0078125 0.022916666666666665
16 0.2359375 0.415625 0.0234375 0.04791666666666667
2 0.9328125 0.53125 0.01875 0.027083333333333334
64 0.0796875 0.5208333333333334 0.025 0.041666666666666664
48 0.33984375 0.459375 0.0171875 0.052083333333333336
2 0.01953125 0.48333333333333334 0.0109375 0.01875
48 0.01796875 0.49583333333333335 0.0265625 0.075