11 0.2515625 0.7211764705882353 0.503125 0.48
11 0.4921875 0.7270588235294118 0.3140625 0.36705882352941177
11 0.60703125 0.5635294117647058 0.5296875 0.30823529411764705
11 0.7765625 0.5447058823529412 0.278125 0.10588235294117647
11 0.109375 0.43176470588235294 0.21875 0.11529411764705882
11 0.06953125 0.46 0.1390625 0.14588235294117646
11 0.19140625 0.4235294117647059 0.1359375 0.09411764705882353
11 0.2421875 0.4223529411764706 0.1296875 0.09411764705882353
11 0.35546875 0.4388235294117647 0.125 0.058823529411764705
11 0.1078125 0.35294117647058826 0.071875 0.023529411764705882
18 0.75859375 0.3941176470588235 0.021875 0.02588235294117647
18 0.7171875 0.39294117647058824 0.0171875 0.021176470588235293
18 0.8453125 0.3611764705882353 0.015625 0.01411764705882353
18 0.7453125 0.38941176470588235 0.0140625 0.023529411764705882
18 0.753125 0.3623529411764706 0.0171875 0.011764705882352941
18 0.77265625 0.38941176470588235 0.0125 0.018823529411764704
18 0.721875 0.3611764705882353 0.0140625 0.01411764705882353
18 0.70078125 0.3611764705882353 0.021875 0.01647058823529412
18 0.5921875 0.3847058823529412 0.028125 0.02823529411764706