48 0.5765625 0.8052486187845304 0.05625 0.16022099447513813
48 0.41640625 0.8038674033149171 0.03125 0.16022099447513813
48 0.19921875 0.7983425414364641 0.0421875 0.16574585635359115
18 0.0015111578125 0.0022359668508287293 0.0001026859375 0.00023396685082872925
48 0.3984375 0.7941988950276243 0.0234375 0.14917127071823205
16 0.30390625 0.7430939226519337 0.1515625 0.24585635359116023
16 0.45234375 0.7071823204419889 0.171875 0.3314917127071823
16 0.6015625 0.6988950276243094 0.1671875 0.34806629834254144
16 0.7390625 0.7569060773480663 0.159375 0.22375690607734808
16 0.121875 0.6726519337016574 0.14375 0.40607734806629836
16 0.85390625 0.7361878453038674 0.1703125 0.27071823204419887