18 0.0014863531249999999 0.0016485373443983404 0.0001522953125 0.00021026763485477176
16 0.53984375 0.6970954356846473 0.6640625 0.47925311203319504
16 0.12578125 0.5632780082987552 0.2515625 0.34439834024896265
48 0.165625 0.49896265560165975 0.0234375 0.03734439834024896
48 0.18515625 0.6286307053941909 0.0125 0.035269709543568464
48 0.78125 0.691908713692946 0.0359375 0.06016597510373444
48 0.1234375 0.6058091286307054 0.0109375 0.01867219917012448
18 0.93125 0.758298755186722 0.0640625 0.06224066390041494
48 0.35859375 0.6379668049792531 0.05 0.10995850622406639
48 0.078125 0.5964730290456431 0.0125 0.02074688796680498
48 0.10625 0.6016597510373444 0.015625 0.02074688796680498
48 0.21953125 0.5197095435684648 0.015625 0.024896265560165973