75 0.06640625 0.278125 0.04375 0.0875
75 0.1296875 0.2635416666666667 0.046875 0.09375
25 0.60546875 0.5572916666666666 0.025 0.06041666666666667
35 0.63984375 0.684375 0.034375 0.08333333333333333
48 0.8 0.646875 0.2609375 0.5395833333333333
48 0.7125 0.46979166666666666 0.1171875 0.16666666666666666
48 0.628125 0.44479166666666664 0.10625 0.15833333333333333
48 0.278125 0.42916666666666664 0.0921875 0.1625
48 0.3765625 0.5489583333333333 0.109375 0.33125
48 0.559375 0.44375 0.0875 0.13333333333333333
48 0.18125 0.40625 0.121875 0.2520833333333333
48 0.33359375 0.46875 0.0828125 0.17708333333333334
13 0.69375 0.5583333333333333 0.01875 0.06458333333333334
25 0.5421875 0.5083333333333333 0.021875 0.05
25 0.52734375 0.49270833333333336 0.0203125 0.03333333333333333
22 0.50390625 0.7697916666666667 0.178125 0.3729166666666667
22 0.36328125 0.7197916666666667 0.1546875 0.34375
22 0.84140625 0.7791666666666667 0.2234375 0.4083333333333333
22 0.05546875 0.771875 0.10625 0.19375
22 0.7765625 0.503125 0.0703125 0.11041666666666666
22 0.20625 0.5760416666666667 0.1203125 0.20416666666666666
22 0.67421875 0.43020833333333336 0.0171875 0.027083333333333334
26 0.6515625 0.5666666666666667 0.3 0.18333333333333332
26 0.05078125 0.41770833333333335 0.1015625 0.058333333333333334
48 0.24453125 0.43645833333333334 0.065625 0.13125
48 0.4796875 0.43333333333333335 0.0921875 0.14375
25 0.7609375 0.55 0.0234375 0.058333333333333334
25 0.68359375 0.5020833333333333 0.0171875 0.052083333333333336
22 0.8125 0.5145833333333333 0.028125 0.07291666666666667
22 0.5875 0.4239583333333333 0.0234375 0.029166666666666667
22 0.1 0.509375 0.0625 0.13333333333333333
22 0.0328125 0.5114583333333333 0.0640625 0.14166666666666666
22 0.0296875 0.6572916666666667 0.059375 0.05
22 0.75703125 0.43020833333333336 0.040625 0.035416666666666666
48 0.00082160625 0.0014439895833333334 0.0003741703125 0.0012786895833333332
25 0.64453125 0.5364583333333334 0.0125 0.052083333333333336
25 0.65703125 0.55 0.025 0.06875