68 0.61171875 0.5481220657276995 0.1421875 0.4507042253521127
22 0.63984375 0.7793427230046949 0.4203125 0.42018779342723006
48 0.60703125 0.5105633802816901 0.478125 0.9483568075117371
41 0.38203125 0.6901408450704225 0.2953125 0.3380281690140845
12 0.9171875 0.5692488262910798 0.053125 0.11502347417840375
12 0.89140625 0.7570422535211268 0.0328125 0.09859154929577464
12 0.8984375 0.5575117370892019 0.040625 0.09859154929577464
12 0.8640625 0.5410798122065728 0.0375 0.10328638497652583
12 0.88359375 0.7417840375586855 0.053125 0.09154929577464789
12 0.94609375 0.7863849765258216 0.08125 0.11737089201877934
35 0.1984375 0.6115023474178404 0.0921875 0.107981220657277
12 0.001554065625 0.0016280657276995303 0.000016870312499999998 0.00010111502347417841
12 0.9359375 0.7652582159624414 0.0828125 0.12441314553990611
12 0.809375 0.8086854460093896 0.0234375 0.05868544600938967
12 0.9234375 0.5809859154929577 0.046875 0.11737089201877934
12 0.85546875 0.8286384976525821 0.0234375 0.03051643192488263
12 0.98984375 0.6666666666666666 0.0203125 0.08685446009389672
12 0.86796875 0.7171361502347418 0.0796875 0.13380281690140844