4 0.32109375 0.35520833333333335 0.103125 0.17708333333333334
5 0.2515625 0.471875 0.0375 0.08125
48 0.12421875 0.9229166666666667 0.159375 0.15416666666666667
48 0.0515625 0.9614583333333333 0.0609375 0.075
48 0.0234375 0.8677083333333333 0.046875 0.26458333333333334
21 0.1671875 0.8979166666666667 0.021875 0.06875
48 0.34375 0.9395833333333333 0.0875 0.12083333333333333
48 0.809375 0.9354166666666667 0.125 0.12916666666666668
48 0.5484375 0.9041666666666667 0.265625 0.19166666666666668
48 0.7578125 0.9458333333333333 0.171875 0.10833333333333334
48 0.3234375 0.646875 0.2140625 0.6229166666666667