27 0.40859375 0.5412735849056604 0.0234375 0.018867924528301886
55 0.4796875 0.4563679245283019 0.021875 0.04009433962264151
55 0.4953125 0.4492924528301887 0.01875 0.03773584905660377
55 0.55078125 0.45047169811320753 0.0140625 0.014150943396226415
55 0.57109375 0.46108490566037735 0.025 0.014150943396226415
55 0.60625 0.49056603773584906 0.025 0.03537735849056604
55 0.68515625 0.4964622641509434 0.025 0.0330188679245283
55 0.65234375 0.47995283018867924 0.025 0.0330188679245283
55 0.634375 0.4846698113207547 0.025 0.0330188679245283
55 0.45 0.46226415094339623 0.0125 0.03773584905660377
55 0.43671875 0.4492924528301887 0.01875 0.05188679245283019
55 0.55390625 0.47641509433962265 0.0234375 0.030660377358490566
55 0.515625 0.4634433962264151 0.0203125 0.030660377358490566
55 0.5328125 0.45990566037735847 0.028125 0.025943396226415096
74 0.2703125 0.041273584905660375 0.0921875 0.08254716981132075
55 0.6109375 0.47995283018867924 0.021875 0.030660377358490566