68 0.5234375 0.2693208430913349 0.0109375 0.07728337236533958
68 0.13125 0.25526932084309134 0.009375 0.0936768149882904
62 0.2046875 0.4566744730679157 0.04375 0.0351288056206089
67 0.7984375 0.6007025761124122 0.1734375 0.1451990632318501
48 0.59609375 0.6135831381733021 0.2453125 0.7728337236533958
48 0.001527625 0.0010152529274004684 0.0000697515625 0.0010492014051522247
48 0.71796875 0.3360655737704918 0.0671875 0.10304449648711944
48 0.73515625 0.265807962529274 0.09375 0.17798594847775176
22 0.85390625 0.5187353629976581 0.090625 0.14754098360655737
22 0.271875 0.3149882903981265 0.0640625 0.08899297423887588
22 0.496875 0.34543325526932084 0.0390625 0.0351288056206089
22 0.4265625 0.3430913348946136 0.034375 0.03278688524590164
22 0.22578125 0.3559718969555035 0.0265625 0.05152224824355972
50 0.49921875 0.04800936768149883 0.2203125 0.07259953161592506
48 0.59765625 0.20140515222482436 0.0265625 0.0468384074941452
48 0.55390625 0.30327868852459017 0.0640625 0.16159250585480095
48 0.3828125 0.3360655737704918 0.0609375 0.10070257611241218
48 0.4578125 0.3325526932084309 0.078125 0.1053864168618267
48 0.409375 0.2259953161592506 0.065625 0.117096018735363
48 0.66171875 0.2459016393442623 0.0484375 0.11943793911007025
48 0.5203125 0.2505854800936768 0.065625 0.16393442622950818
48 0.29765625 0.319672131147541 0.0921875 0.1405152224824356
2 0.428125 0.28805620608899296 0.0515625 0.07494145199063232
22 0.471875 0.29859484777517564 0.046875 0.053864168618266976
48 0.33125 0.21311475409836064 0.059375 0.11007025761124122
22 0.68203125 0.34894613583138173 0.01875 0.0234192037470726