62 0.73984375 0.8454332552693209 0.0359375 0.0468384074941452
48 0.33203125 0.509367681498829 0.2625 0.936768149882904
48 0.57265625 0.6569086651053864 0.2375 0.477751756440281
48 0.0013530890625 0.0010708126463700235 0.00041882343749999996 0.0018523653395784542
48 0.578125 0.13114754098360656 0.209375 0.25995316159250587
48 0.8421875 0.08313817330210772 0.2 0.16159250585480095
48 0.31328125 0.08782201405152225 0.196875 0.1756440281030445
48 0.73359375 0.2423887587822014 0.115625 0.48009367681498827
4 0.38828125 0.1873536299765808 0.053125 0.0585480093676815
4 0.0014171515625 0.0012657330210772832 0.0002906984375 0.00012669320843091336
5 0.625 0.8360655737704918 0.0875 0.0936768149882904
8 0.6265625 0.36416861826697894 0.3890625 0.20608899297423888
8 0.58984375 0.18032786885245902 0.3140625 0.03044496487119438
8 0.58125 0.08665105386416862 0.3484375 0.03747072599531616
48 0.9671875 0.18149882903981265 0.065625 0.29508196721311475