48 0.40729166666666666 0.43984375 0.8083333333333333 0.8765625
48 0.17395833333333333 0.30078125 0.04583333333333333 0.06875
48 0.24270833333333333 0.29140625 0.09166666666666666 0.053125
48 0.321875 0.29453125 0.03958333333333333 0.0296875
25 0.9489583333333333 0.89296875 0.10208333333333333 0.2140625
37 0.38958333333333334 0.8015625 0.20833333333333334 0.2625
48 0.303125 0.29921875 0.020833333333333332 0.021875
48 0.23645833333333333 0.28359375 0.03125 0.0453125
48 0.9916666666666667 0.3359375 0.016666666666666666 0.0171875
18 0.8458333333333333 0.31796875 0.04791666666666667 0.021875
26 0.7447916666666666 0.85703125 0.39791666666666664 0.0921875
48 0.125 0.28046875 0.04791666666666667 0.109375
18 0.9114583333333334 0.33828125 0.14791666666666667 0.0484375
18 0.7760416666666666 0.3375 0.029166666666666667 0.009375
53 0.396875 0.79296875 0.16875 0.25
26 0.0011281895833333334 0.001452490625 0.0015975270833333334 0.0002200203125
48 0.353125 0.296875 0.025 0.021875