50 0.13125 0.34375 0.2078125 0.45416666666666666
13 0.159375 0.6010416666666667 0.0640625 0.2604166666666667
22 0.015625 0.35104166666666664 0.0203125 0.21875
26 0.26875 0.6864583333333333 0.534375 0.5979166666666667
48 0.2859375 0.26458333333333334 0.1703125 0.2833333333333333
48 0.58046875 0.415625 0.2609375 0.5354166666666667
48 0.53046875 0.3416666666666667 0.125 0.36041666666666666
48 0.6828125 0.584375 0.609375 0.8125
78 0.26953125 0.7145833333333333 0.084375 0.1875
78 0.3171875 0.6302083333333334 0.0609375 0.10625
78 0.3171875 0.4947916666666667 0.0390625 0.11458333333333333
78 0.28203125 0.5229166666666667 0.0515625 0.13333333333333333
78 0.03125 0.54375 0.0625 0.13541666666666666
25 0.31328125 0.6364583333333333 0.0578125 0.11666666666666667
31 0.30078125 0.8541666666666666 0.0265625 0.10416666666666667
31 0.36015625 0.5666666666666667 0.028125 0.05416666666666667
61 0.2265625 0.840625 0.040625 0.075
54 0.971875 0.36354166666666665 0.0546875 0.03958333333333333
78 0.215625 0.4083333333333333 0.04375 0.09583333333333334
78 0.2890625 0.41458333333333336 0.0453125 0.0875
78 0.2875 0.3614583333333333 0.0375 0.035416666666666666
61 0.2203125 0.434375 0.0609375 0.014583333333333334
21 0.36796875 0.5208333333333334 0.0609375 0.029166666666666667
77 0.1375 0.490625 0.1015625 0.21875
78 0.08984375 0.91875 0.1234375 0.16041666666666668
61 0.36015625 0.565625 0.0265625 0.052083333333333336
61 0.39375 0.44166666666666665 0.0203125 0.03125
17 0.3609375 0.871875 0.0984375 0.07708333333333334
17 0.39296875 0.58125 0.0625 0.0375
17 0.409375 0.45 0.0234375 0.03125
17 0.253125 0.403125 0.03125 0.022916666666666665
22 0.96015625 0.6729166666666667 0.0796875 0.20208333333333334