13 0.634375 0.6179906542056075 0.015625 0.09345794392523364
60 0.8875 0.7394859813084113 0.225 0.40654205607476634
22 0.740625 0.8107476635514018 0.1359375 0.37850467289719625
22 0.92109375 0.8411214953271028 0.1578125 0.29205607476635514
22 0.60625 0.6051401869158879 0.1296875 0.15186915887850466
26 0.42578125 0.8995327102803738 0.5828125 0.18691588785046728
26 0.000747240625 0.002116233644859813 0.0007421875 0.0004404322429906542
78 0.40234375 0.7616822429906542 0.05625 0.16121495327102803
78 0.365625 0.8469626168224299 0.0609375 0.25934579439252337
25 0.109375 0.9450934579439252 0.0734375 0.10747663551401869
14 0.45078125 0.7990654205607477 0.0921875 0.06542056074766354
14 0.0953125 0.9404205607476636 0.0953125 0.09579439252336448
14 0.5375 0.9158878504672897 0.1859375 0.102803738317757
25 0.33203125 0.8317757009345794 0.05625 0.08411214953271028
31 0.55859375 0.8247663551401869 0.0515625 0.03271028037383177
31 0.46015625 0.9848130841121495 0.10625 0.030373831775700934
78 0.2703125 0.822429906542056 0.0625 0.24532710280373832
78 0.0000763546875 0.002129717289719626 0.000152709375 0.0004134649532710281
78 0.6609375 0.639018691588785 0.028125 0.053738317757009345
25 0.40625 0.8913551401869159 0.078125 0.10046728971962617
22 0.028125 0.764018691588785 0.0515625 0.2780373831775701
22 0.88828125 0.7266355140186916 0.2234375 0.3878504672897196
14 0.13515625 0.8656542056074766 0.1765625 0.08177570093457943
60 0.6078125 0.6039719626168224 0.13125 0.14719626168224298