13 0.55859375 0.44895833333333335 0.0046875 0.03125
13 0.459375 0.44375 0.0109375 0.058333333333333334
22 0.39375 0.83125 0.1140625 0.3375
22 0.20234375 0.8427083333333333 0.20625 0.3145833333333333
26 0.26015625 0.8114583333333333 0.428125 0.3770833333333333
25 0.27578125 0.61875 0.0265625 0.04791666666666667
46 0.39765625 0.515625 0.159375 0.08333333333333333
56 0.56015625 0.4666666666666667 0.0859375 0.0125
77 0.534375 0.43020833333333336 0.009375 0.014583333333333334
14 0.63125 0.5052083333333334 0.0484375 0.03125
22 0.396875 0.6322916666666667 0.0875 0.058333333333333334
77 0.5296875 0.44583333333333336 0.0234375 0.04375
25 0.23671875 0.684375 0.0203125 0.041666666666666664