11 0.7265625 0.40588235294117647 0.1546875 0.06588235294117648
11 0.66953125 0.2847058823529412 0.0234375 0.01411764705882353
11 0.82109375 0.30941176470588233 0.090625 0.047058823529411764
11 0.7546875 0.35058823529411764 0.1296875 0.06823529411764706
48 0.50859375 0.22470588235294117 0.009375 0.04
48 0.60859375 0.21294117647058824 0.00625 0.018823529411764704
18 0.91015625 0.20705882352941177 0.0234375 0.018823529411764704
11 0.8609375 0.28705882352941176 0.071875 0.03764705882352941
11 0.9765625 0.29058823529411765 0.046875 0.02823529411764706
11 0.68828125 0.28352941176470586 0.0296875 0.021176470588235293
11 0.97890625 0.3341176470588235 0.0421875 0.04
11 0.0015240484375 0.0006559176470588235 0.0000769046875 0.00005641411764705883