75 0.81953125 0.3967136150234742 0.0546875 0.13849765258215962
13 0.67578125 0.7805164319248826 0.0265625 0.22535211267605634
48 0.16171875 0.505868544600939 0.3234375 0.7605633802816901
48 0.75625 0.5152582159624414 0.3609375 0.6384976525821596
13 0.0546875 0.34624413145539906 0.0125 0.056338028169014086
13 0.07109375 0.3438967136150235 0.0125 0.056338028169014086
21 0.86640625 0.7300469483568075 0.0625 0.07042253521126761
25 0.19921875 0.9119718309859155 0.1078125 0.1619718309859155
21 0.34453125 0.9471830985915493 0.0484375 0.07981220657276995
13 0.65078125 0.8169014084507042 0.040625 0.17136150234741784
12 0.9703125 0.8075117370892019 0.059375 0.09389671361502347
12 0.9625 0.8591549295774648 0.075 0.07981220657276995
13 0.56015625 0.7312206572769953 0.0453125 0.2112676056338028
13 0.621875 0.784037558685446 0.0484375 0.1784037558685446
13 0.3171875 0.17488262910798122 0.0125 0.07276995305164319
60 0.00145835 0.0015740657276995306 0.00020830156249999999 0.0005837136150234741