76 0.35 0.35138888888888886 0.25 0.2222222222222222
76 0.54140625 0.7069444444444445 0.290625 0.2777777777777778
76 0.15078125 0.7541666666666667 0.3015625 0.30277777777777776
21 0.7765625 0.5861111111111111 0.0140625 0.041666666666666664
48 0.390625 0.8736111111111111 0.159375 0.25277777777777777
48 0.525 0.4708333333333333 0.0875 0.28888888888888886
48 0.975 0.2361111111111111 0.05 0.18055555555555555
48 0.11875 0.9347222222222222 0.0765625 0.10555555555555556
48 0.28046875 0.9333333333333333 0.1125 0.13333333333333333
48 0.1140625 0.48194444444444445 0.1140625 0.2777777777777778
48 0.5890625 0.5472222222222223 0.109375 0.24722222222222223
48 0.6296875 0.4486111111111111 0.0890625 0.21944444444444444
48 0.72265625 0.2388888888888889 0.153125 0.2361111111111111
48 0.45 0.16527777777777777 0.1 0.15
2 0.15546875 0.3194444444444444 0.05625 0.15
48 0.18515625 0.5430555555555555 0.109375 0.2972222222222222
48 0.3109375 0.08888888888888889 0.1 0.16944444444444445
35 0.62734375 0.5055555555555555 0.0328125 0.09444444444444444
35 0.875 0.6916666666666667 0.0421875 0.13333333333333333
48 0.4609375 0.25 0.078125 0.2361111111111111