48 0.21176470588235294 0.29296875 0.23294117647058823 0.171875
2 0.22705882352941176 0.321875 0.042352941176470586 0.0359375
3 0.6611764705882353 0.809375 0.1976470588235294 0.146875
3 0.2388235294117647 0.49140625 0.1976470588235294 0.1359375
3 0.4682352941176471 0.83125 0.08 0.11875
3 0.38235294117647056 0.709375 0.27294117647058824 0.1140625
3 0.32941176470588235 0.7875 0.1976470588235294 0.1671875
3 0.19058823529411764 0.73828125 0.25882352941176473 0.1765625
3 0.13294117647058823 0.86328125 0.1952941176470588 0.16875
3 0.5294117647058824 0.47890625 0.20705882352941177 0.0859375
3 0.4047058823529412 0.3375 0.10588235294117647 0.0859375
3 0.3905882352941176 0.51640625 0.17882352941176471 0.115625
3 0.6364705882352941 0.92421875 0.25176470588235295 0.1515625
3 0.47294117647058825 0.34921875 0.047058823529411764 0.0796875
48 0.5894117647058823 0.29921875 0.2188235294117647 0.16875
48 0.72 0.22109375 0.07764705882352942 0.115625
48 0.5011764705882353 0.24921875 0.08 0.084375
48 0.3623529411764706 0.26796875 0.08 0.0484375
48 0.0021395717647058822 0.0005392328125 0.0004267411764705882 0.0003293453125
48 0.3376470588235294 0.21796875 0.03529411764705882 0.05
48 0.7823529411764706 0.18671875 0.03529411764705882 0.0359375
48 0.8564705882352941 0.18671875 0.04 0.0390625
48 0.44941176470588234 0.2203125 0.03294117647058824 0.0234375
48 0.2223529411764706 0.23828125 0.04941176470588235 0.0625
48 0.26823529411764707 0.203125 0.023529411764705882 0.0265625
3 0.5870588235294117 0.4328125 0.28941176470588237 0.1296875
48 0.33647058823529413 0.19609375 0.047058823529411764 0.028125