10 0.52734375 0.5208333333333334 0.075 0.10208333333333333
11 0.19140625 0.30416666666666664 0.0921875 0.06041666666666667
11 0.49921875 0.24270833333333333 0.0671875 0.04375
48 0.23125 0.2875 0.0203125 0.029166666666666667
48 0.16953125 0.271875 0.0171875 0.05625
48 0.79765625 0.259375 0.0140625 0.01875
48 0.85390625 0.26145833333333335 0.0078125 0.01875
11 0.3390625 0.18541666666666667 0.0265625 0.01875
11 0.07421875 0.18125 0.0328125 0.01875
10 0.0609375 0.30104166666666665 0.0125 0.010416666666666666
48 0.50703125 0.240625 0.009375 0.016666666666666666
48 0.25625 0.275 0.0140625 0.035416666666666666
48 0.4828125 0.24270833333333333 0.0046875 0.010416666666666666
48 0.82578125 0.26458333333333334 0.00625 0.008333333333333333
11 0.86328125 0.2625 0.15625 0.08541666666666667
11 0.25 0.2989583333333333 0.090625 0.07916666666666666
48 0.23515625 0.2760416666666667 0.009375 0.04375
48 0.23359375 0.26145833333333335 0.0328125 0.00625
48 0.20625 0.2760416666666667 0.0109375 0.03125