11 0.4796875 0.5989583333333334 0.0765625 0.0625
11 0.56640625 0.5125 0.04375 0.025
11 0.6015625 0.5260416666666666 0.0375 0.020833333333333332
11 0.86640625 0.5322916666666667 0.078125 0.06666666666666667
11 0.278125 0.5583333333333333 0.0921875 0.03958333333333333
11 0.53046875 0.5979166666666667 0.08125 0.06458333333333334
76 0.41015625 0.5302083333333333 0.1234375 0.03958333333333333
48 0.67578125 0.6791666666666667 0.071875 0.275
48 0.55078125 0.7208333333333333 0.096875 0.17291666666666666
48 0.4453125 0.7645833333333333 0.140625 0.2625
48 0.296875 0.8760416666666667 0.1484375 0.24791666666666667
48 0.971875 0.6072916666666667 0.05625 0.15
48 0.2359375 0.6958333333333333 0.121875 0.17083333333333334
48 0.91796875 0.6864583333333333 0.04375 0.12708333333333333
48 0.80078125 0.6989583333333333 0.0515625 0.23125
48 0.396875 0.790625 0.0859375 0.14375
48 0.28203125 0.546875 0.01875 0.029166666666666667
48 0.978125 0.721875 0.04375 0.1
76 0.178125 0.5125 0.1140625 0.04375
76 0.12421875 0.49895833333333334 0.0796875 0.041666666666666664
76 0.1265625 0.4739583333333333 0.078125 0.03333333333333333
76 0.2109375 0.46458333333333335 0.059375 0.020833333333333332
76 0.36640625 0.459375 0.040625 0.014583333333333334
76 0.5015625 0.45625 0.0359375 0.014583333333333334
76 0.4375 0.45729166666666665 0.0375 0.0125
35 0.8328125 0.6520833333333333 0.040625 0.0625
23 0.74765625 0.17708333333333334 0.0125 0.022916666666666665
23 0.77109375 0.178125 0.009375 0.01875
48 0.8453125 0.6583333333333333 0.0703125 0.18541666666666667
11 0.91640625 0.5875 0.0578125 0.04375
48 0.21484375 0.6260416666666667 0.040625 0.04791666666666667