76 0.4332552693208431 0.4359375 0.41451990632318503 0.215625
76 0.7611241217798594 0.26328125 0.36065573770491804 0.13125
76 0.09601873536299765 0.37734375 0.17798594847775176 0.0734375
48 0.405152224824356 0.728125 0.32084309133489464 0.503125
48 0.7985948477751756 0.6546875 0.4028103044496487 0.690625
48 0.08548009367681499 0.47265625 0.09836065573770492 0.18125
48 0.6042154566744731 0.5453125 0.20140515222482436 0.51875
48 0.7459016393442623 0.3390625 0.06557377049180328 0.0578125
35 0.2693208430913349 0.5703125 0.07494145199063232 0.1375
35 0.12412177985948478 0.4296875 0.05152224824355972 0.075
35 0.6615925058548009 0.80703125 0.17096018735362997 0.2265625