74 0.55078125 0.3489583333333333 0.325 0.5041666666666667
48 0.8484375 0.41041666666666665 0.0453125 0.10833333333333334
48 0.81796875 0.41041666666666665 0.0296875 0.1125
48 0.20859375 0.37916666666666665 0.034375 0.1
48 0.41875 0.36041666666666666 0.1 0.09166666666666666
48 0.3015625 0.30104166666666665 0.0109375 0.029166666666666667
48 0.3140625 0.303125 0.009375 0.01875
18 0.08203125 0.47604166666666664 0.1640625 0.18958333333333333
18 0.16875 0.453125 0.1390625 0.16666666666666666
18 0.74453125 0.390625 0.090625 0.1125
18 0.85859375 0.3333333333333333 0.0703125 0.04583333333333333
18 0.2921875 0.371875 0.0421875 0.0625
74 0.45703125 0.5052083333333334 0.353125 0.45416666666666666
48 0.35859375 0.30416666666666664 0.009375 0.025
48 0.61328125 0.25729166666666664 0.0609375 0.0625
18 0.76796875 0.3333333333333333 0.10625 0.058333333333333334
18 0.24609375 0.35520833333333335 0.0703125 0.03333333333333333
72 0.3109375 0.24479166666666666 0.0125 0.029166666666666667
72 0.33359375 0.2520833333333333 0.0109375 0.03958333333333333
18 0.95625 0.3375 0.0453125 0.025
18 0.709375 0.33541666666666664 0.0296875 0.05
18 0.34609375 0.35520833333333335 0.034375 0.05416666666666667
48 0.240625 0.40520833333333334 0.0359375 0.12708333333333333