48 0.31484375 0.5727699530516432 0.41875 0.8309859154929577
48 0.81171875 0.5246478873239436 0.3671875 0.92018779342723
41 0.58359375 0.4612676056338028 0.221875 0.3615023474178404
12 0.38828125 0.22535211267605634 0.0484375 0.056338028169014086
12 0.12890625 0.44835680751173707 0.0171875 0.19483568075117372
48 0.49296875 0.12206572769953052 0.053125 0.0892018779342723
48 0.50234375 0.15845070422535212 0.05625 0.07276995305164319
48 0.465625 0.1596244131455399 0.0421875 0.09154929577464789
48 0.46796875 0.09272300469483569 0.025 0.046948356807511735
48 0.51328125 0.11502347417840375 0.0265625 0.11267605633802817
48 0.6109375 0.22652582159624413 0.0265625 0.1056338028169014
48 0.57421875 0.22769953051643194 0.028125 0.107981220657277