74 0.8367117117117117 0.7859375 0.32657657657657657 0.159375
72 0.4831081081081081 0.36796875 0.060810810810810814 0.1109375
72 0.22522522522522523 0.45703125 0.06756756756756757 0.10625
72 0.36036036036036034 0.296875 0.0472972972972973 0.1
72 0.42680180180180183 0.509375 0.060810810810810814 0.11875
16 0.1677927927927928 0.79375 0.17792792792792791 0.096875
72 0.3141891891891892 0.58203125 0.05630630630630631 0.10625
72 0.7443693693693694 0.45 0.04954954954954955 0.10625
72 0.6666666666666666 0.41796875 0.06306306306306306 0.1109375
72 0.5968468468468469 0.44375 0.04954954954954955 0.1015625
72 0.6531531531531531 0.3125 0.06306306306306306 0.1078125
72 0.588963963963964 0.33046875 0.05630630630630631 0.1046875
72 0.2939189189189189 0.396875 0.060810810810810814 0.109375
72 0.24324324324324326 0.603125 0.060810810810810814 0.103125
18 0.0259009009009009 0.77421875 0.0518018018018018 0.046875
72 0.509009009009009 0.6171875 0.06756756756756757 0.1078125