55 0.46458333333333335 0.67890625 0.20416666666666666 0.2421875
55 0.6854166666666667 0.36484375 0.15 0.096875
55 0.625 0.4484375 0.13541666666666666 0.1078125
55 0.8791666666666667 0.309375 0.07708333333333334 0.059375
55 0.36041666666666666 0.3390625 0.15625 0.08125
55 0.23854166666666668 0.38984375 0.17291666666666666 0.0453125
55 0.0625 0.3921875 0.12291666666666666 0.0484375
55 0.46458333333333335 0.31328125 0.1125 0.0515625
55 0.3458333333333333 0.290625 0.09166666666666666 0.0390625
55 0.8416666666666667 0.3625 0.07291666666666667 0.0734375
55 0.9385416666666667 0.29921875 0.08125 0.0453125
55 0.3489583333333333 0.37734375 0.07708333333333334 0.0359375
55 0.0020027354166666667 0.000553234375 0.00016119791666666667 0.0000615484375