48 0.6545667447306791 0.36328125 0.6908665105386417 0.7125
40 0.3875878220140515 0.43203125 0.17096018735362997 0.23125
40 0.14988290398126464 0.6 0.08899297423887588 0.1421875
3 0.45081967213114754 0.66015625 0.33489461358313816 0.0765625
3 0.38992974238875877 0.70390625 0.28337236533957844 0.0765625
3 0.6217798594847775 0.65625 0.14754098360655737 0.0546875
45 0.0468384074941452 0.8859375 0.0936768149882904 0.134375
3 0.7353629976580797 0.8953125 0.5269320843091335 0.1296875
26 0.3911007025761124 0.75546875 0.7728337236533958 0.4890625
3 0.594847775175644 0.89375 0.26229508196721313 0.16875
22 0.1686182669789227 0.378125 0.33021077283372363 0.0984375