9 0.446875 0.7105855855855856 0.534375 0.5
22 0.7125 0.42792792792792794 0.08125 0.10810810810810811
22 0.8453125 0.4177927927927928 0.0453125 0.13288288288288289
22 0.64296875 0.40765765765765766 0.0640625 0.10585585585585586
22 0.78203125 0.4594594594594595 0.05625 0.06306306306306306
48 0.48203125 0.5518018018018018 0.265625 0.6373873873873874
48 0.0234375 0.38513513513513514 0.046875 0.25675675675675674
48 0.0484375 0.33896396396396394 0.0296875 0.23198198198198197
45 0.50546875 0.13288288288288289 0.0203125 0.036036036036036036
45 0.3078125 0.015765765765765764 0.0203125 0.02927927927927928
9 0.990625 0.42905405405405406 0.01875 0.07432432432432433
45 0.52578125 0.11486486486486487 0.025 0.03153153153153153
45 0.49765625 0.17567567567567569 0.021875 0.03153153153153153
22 0.35859375 0.42454954954954954 0.08125 0.13513513513513514
45 0.28125 0.015765765765765764 0.0234375 0.03153153153153153