9 0.91171875 0.6 0.0765625 0.12291666666666666
18 0.20234375 0.6270833333333333 0.04375 0.08125
30 0.0007302734375 0.0016837895833333334 0.0003280765625 0.0007990895833333334
57 0.58515625 0.5239583333333333 0.209375 0.12083333333333333
48 0.496875 0.2520833333333333 0.375 0.5020833333333333
48 0.1671875 0.60625 0.05625 0.25
48 0.11640625 0.6 0.0484375 0.22708333333333333
48 0.0015391484375 0.0012074875 0.0000467046875 0.0002566416666666667
48 0.2390625 0.5947916666666667 0.0453125 0.18333333333333332
48 0.91015625 0.55 0.0734375 0.15208333333333332
48 0.9453125 0.5385416666666667 0.021875 0.06666666666666667
48 0.3234375 0.596875 0.0328125 0.15416666666666667
48 0.04609375 0.590625 0.0640625 0.2520833333333333
9 0.04609375 0.653125 0.0859375 0.09791666666666667
35 0.86953125 0.5479166666666667 0.0265625 0.05625
48 0.87265625 0.5604166666666667 0.0328125 0.125
35 0.10546875 0.6104166666666667 0.0234375 0.029166666666666667
48 0.96484375 0.565625 0.021875 0.125