60 0.4765625 0.7979166666666667 0.23125 0.38333333333333336
48 0.3 0.59375 0.3546875 0.7958333333333333
48 0.7125 0.6177083333333333 0.371875 0.7645833333333333
13 0.021875 0.7208333333333333 0.0234375 0.09375
13 0.9671875 0.9510416666666667 0.0296875 0.09791666666666667
13 0.00703125 0.725 0.0140625 0.0875
52 0.875 0.5447916666666667 0.0359375 0.03125
52 0.41953125 0.603125 0.0390625 0.03333333333333333
2 0.82109375 0.871875 0.146875 0.1875
50 0.93984375 0.5166666666666667 0.1203125 0.29583333333333334
52 0.44140625 0.5020833333333333 0.0265625 0.035416666666666666
52 0.63359375 0.4635416666666667 0.0546875 0.1
22 0.0007431515625 0.0016609166666666667 0.0003509515625 0.0008448354166666667