26 0.49921875 0.5386416861826698 0.9953125 0.9016393442622951
48 0.001148584375 0.00028821545667447306 0.0008278328124999999 0.0005736885245901639
53 0.58515625 0.202576112412178 0.1734375 0.18266978922716628
25 0.33984375 0.1686182669789227 0.1515625 0.32786885245901637
25 0.1578125 0.16042154566744732 0.18125 0.32084309133489464
14 0.42265625 0.5819672131147541 0.521875 0.5550351288056206
14 0.00131069375 0.0017577564402810302 0.0005036140625000001 0.001168327868852459
53 0.08984375 0.5702576112412178 0.1796875 0.36065573770491804
15 0.40859375 0.7259953161592506 0.0328125 0.04918032786885246
15 0.359375 0.49882903981264637 0.015625 0.04449648711943794
15 0.4078125 0.5081967213114754 0.0328125 0.0468384074941452
15 0.5515625 0.6159250585480094 0.0703125 0.08430913348946135
53 0.7890625 0.06557377049180328 0.190625 0.12177985948477751
15 0.53046875 0.531615925058548 0.0453125 0.05152224824355972
15 0.55625 0.4566744730679157 0.046875 0.05620608899297424
15 0.503125 0.5035128805620609 0.0234375 0.03044496487119438
15 0.4640625 0.5597189695550351 0.028125 0.04215456674473068
15 0.4390625 0.6053864168618267 0.025 0.03981264637002342