48 0.3546875 0.5690537084398977 0.228125 0.42710997442455245
48 0.80625 0.0792838874680307 0.05625 0.15601023017902813
48 0.88515625 0.07033248081841433 0.034375 0.13810741687979539
48 0.78203125 0.07033248081841433 0.0203125 0.13554987212276215
57 0.278125 0.7762148337595908 0.103125 0.07161125319693094
2 0.584375 0.11125319693094629 0.021875 0.04092071611253197
48 0.92890625 0.09462915601023018 0.0421875 0.12020460358056266
48 0.6453125 0.07033248081841433 0.0359375 0.14066496163682865
48 0.0609375 0.8772378516624041 0.121875 0.24552429667519182
48 0.74375 0.07033248081841433 0.059375 0.14066496163682865
48 0.05390625 0.24296675191815856 0.1046875 0.3657289002557545
57 0.090625 0.23145780051150894 0.034375 0.20971867007672634
48 0.70546875 0.07161125319693094 0.03125 0.14066496163682865
57 0.93359375 0.14578005115089515 0.0453125 0.01278772378516624
57 0.81015625 0.149616368286445 0.0390625 0.017902813299232736
57 0.8890625 0.13043478260869565 0.021875 0.01278772378516624