48 0.57578125 0.3294243070362473 0.153125 0.4840085287846482
48 0.6375 0.3837953091684435 0.3734375 0.6780383795309168
48 0.8671875 0.39019189765458423 0.1421875 0.47547974413646055
48 0.4421875 0.40298507462686567 0.2078125 0.5650319829424307
48 0.13671875 0.3720682302771855 0.1375 0.3582089552238806
48 0.0578125 0.3837953091684435 0.071875 0.3603411513859275
48 0.09765625 0.2302771855010661 0.0296875 0.09381663113006397
40 0.45234375 0.6780383795309168 0.009375 0.04477611940298507
17 0.51015625 0.8294243070362474 0.65625 0.31556503198294245
48 0.7921875 0.26439232409381663 0.025 0.057569296375266525
68 0.87734375 0.27611940298507465 0.0109375 0.046908315565031986
26 0.00140755625 0.0017436737739872068 0.0003098875 0.000777046908315565
48 0.33046875 0.43710021321961623 0.2328125 0.5181236673773987
26 0.2015625 0.5554371002132196 0.0703125 0.12366737739872068
48 0.9234375 0.2622601279317697 0.0203125 0.02771855010660981
48 0.35234375 0.279317697228145 0.0515625 0.07889125799573561
48 0.02265625 0.2857142857142857 0.0453125 0.10874200426439233
48 0.22734375 0.26119402985074625 0.0359375 0.07036247334754797
26 0.51015625 0.8464818763326226 0.8171875 0.2857142857142857