48 0.6947916666666667 0.47109375 0.35 0.184375
48 0.3229166666666667 0.38359375 0.64375 0.303125
37 0.2552083333333333 0.84375 0.19375 0.1828125
13 0.23541666666666666 0.603125 0.21875 0.275
78 0.40729166666666666 0.153125 0.03958333333333333 0.0609375
78 0.4395833333333333 0.15078125 0.03958333333333333 0.06875
78 0.4791666666666667 0.18984375 0.11875 0.115625
61 0.6708333333333333 0.446875 0.07291666666666667 0.034375
61 0.5541666666666667 0.54296875 0.15208333333333332 0.09375
22 0.8229166666666666 0.45390625 0.34375 0.2515625
22 0.865625 0.41015625 0.26875 0.246875
78 0.5 0.1390625 0.05416666666666667 0.075
26 0.43645833333333334 0.77265625 0.8729166666666667 0.4125
14 0.040625 0.5609375 0.08125 0.05625