23 0.49583333333333335 0.28203125 0.20833333333333334 0.1125
18 0.20416666666666666 0.85078125 0.225 0.0765625
48 0.30416666666666664 0.884375 0.13055555555555556 0.11875
48 0.3958333333333333 0.8921875 0.08888888888888889 0.11875
48 0.9777777777777777 0.87734375 0.044444444444444446 0.1453125
48 0.6944444444444444 0.8828125 0.08611111111111111 0.0828125
48 0.8625 0.8828125 0.09444444444444444 0.13125
48 0.9527777777777777 0.89140625 0.06388888888888888 0.1390625
48 0.044444444444444446 0.89375 0.08611111111111111 0.2125
48 0.1125 0.8953125 0.075 0.1265625
48 0.19444444444444445 0.85390625 0.05277777777777778 0.053125
8 0.5041666666666667 0.90625 0.4027777777777778 0.0328125
10 0.7569444444444444 0.41875 0.022222222222222223 0.009375
2 0.043055555555555555 0.85703125 0.08611111111111111 0.071875
35 0.9388888888888889 0.87421875 0.03888888888888889 0.04375
35 0.5263888888888889 0.87890625 0.04722222222222222 0.0359375
35 0.6625 0.88203125 0.04722222222222222 0.0390625
35 0.43333333333333335 0.8921875 0.013888888888888888 0.0125
23 0.6180555555555556 0.29609375 0.03611111111111111 0.115625
48 0.5180555555555556 0.890625 0.07777777777777778 0.1109375
48 0.7777777777777778 0.8375 0.008333333333333333 0.0125
48 0.09027777777777778 0.859375 0.030555555555555555 0.0421875
48 0.15138888888888888 0.88359375 0.07777777777777778 0.1078125
2 0.8375 0.86484375 0.025 0.0203125