58 0.91640625 0.6958333333333333 0.11875 0.020833333333333332
48 0.51640625 0.6666666666666666 0.4671875 0.6666666666666666
48 0.92265625 0.60625 0.0953125 0.1875
48 0.86640625 0.51875 0.0234375 0.075
48 0.928125 0.49270833333333336 0.0265625 0.04375
48 0.67109375 0.5197916666666667 0.0296875 0.08333333333333333
48 0.6265625 0.528125 0.015625 0.09166666666666666
48 0.696875 0.5333333333333333 0.0234375 0.08125
48 0.64609375 0.5072916666666667 0.025 0.06041666666666667
48 0.8546875 0.5166666666666667 0.0171875 0.08125
48 0.20234375 0.559375 0.025 0.05
8 0.7671875 0.5375 0.078125 0.027083333333333334
58 0.259375 0.7322916666666667 0.090625 0.5020833333333333