48 0.43671875 0.727803738317757 0.15 0.5397196261682243
35 0.1109375 0.6705607476635514 0.153125 0.4929906542056075
35 0.26953125 0.5420560747663551 0.0265625 0.0630841121495327
35 0.31953125 0.5210280373831776 0.0203125 0.03271028037383177
35 0.3890625 0.741822429906542 0.0625 0.09813084112149532
35 0.2421875 0.5362149532710281 0.0640625 0.15654205607476634
64 0.6921875 0.25934579439252337 0.20625 0.25
64 0.83046875 0.14369158878504673 0.0984375 0.28738317757009346
64 0.52890625 0.3516355140186916 0.0421875 0.15186915887850466
35 0.22734375 0.8492990654205608 0.0484375 0.16121495327102803
64 0.55703125 0.352803738317757 0.034375 0.16822429906542055
64 0.60078125 0.5572429906542056 0.0890625 0.2757009345794392
64 0.0014551640625 0.000296642523364486 0.0002146734375 0.0005932827102803739
64 0.47578125 0.37149532710280375 0.0265625 0.102803738317757
64 0.5875 0.30257009345794394 0.034375 0.2336448598130841
64 0.496875 0.36682242990654207 0.0328125 0.18457943925233644
64 0.45390625 0.4287383177570093 0.0328125 0.09813084112149532
2 0.315625 0.5747663551401869 0.0640625 0.1191588785046729
35 0.34765625 0.580607476635514 0.03125 0.07242990654205607
35 0.159375 0.9217289719626168 0.0796875 0.15654205607476634
35 0.83046875 0.633177570093458 0.19375 0.1378504672897196
64 0.51015625 0.844626168224299 0.0921875 0.24065420560747663
64 0.69296875 0.8037383177570093 0.1078125 0.12850467289719625
35 0.31953125 0.5876168224299065 0.0390625 0.102803738317757
64 0.5515625 0.5128504672897196 0.040625 0.13317757009345793
35 0.040625 0.7978971962616822 0.08125 0.3808411214953271
35 0.8640625 0.46845794392523366 0.0984375 0.06542056074766354
35 0.20078125 0.6098130841121495 0.065625 0.35046728971962615
35 0.33671875 0.7044392523364486 0.0359375 0.0630841121495327
35 0.10078125 0.9450934579439252 0.0734375 0.10747663551401869