22 0.471875 0.7488317757009346 0.05 0.12149532710280374
39 0.8625 0.23130841121495327 0.0265625 0.028037383177570093
39 0.61015625 0.36565420560747663 0.003125 0.004672897196261682
39 0.52109375 0.4007009345794392 0.0078125 0.011682242990654205
48 0.47421875 0.6542056074766355 0.034375 0.11214953271028037
48 0.36015625 0.7558411214953271 0.0671875 0.11214953271028037
48 0.4296875 0.6670560747663551 0.0359375 0.06775700934579439
48 0.62109375 0.7289719626168224 0.04375 0.08644859813084112
48 0.6625 0.7219626168224299 0.0421875 0.08411214953271028
48 0.59375 0.7067757009345794 0.040625 0.06542056074766354
48 0.68515625 0.7336448598130841 0.05 0.08644859813084112
48 0.55390625 0.7313084112149533 0.0578125 0.08644859813084112
48 0.90625 0.6612149532710281 0.0234375 0.0911214953271028
48 0.49609375 0.647196261682243 0.0203125 0.0794392523364486
48 0.9484375 0.6939252336448598 0.0328125 0.13317757009345793
76 0.62890625 0.5864485981308412 0.103125 0.06542056074766354
76 0.92578125 0.552570093457944 0.1484375 0.07476635514018691
76 0.4296875 0.5817757009345794 0.05 0.030373831775700934
76 0.48125 0.5817757009345794 0.05625 0.03271028037383177
76 0.31015625 0.5841121495327103 0.0390625 0.030373831775700934
76 0.37734375 0.5864485981308412 0.0453125 0.028037383177570093
76 0.20078125 0.5771028037383178 0.040625 0.03271028037383177
76 0.12109375 0.5759345794392523 0.05 0.030373831775700934
76 0.25546875 0.580607476635514 0.046875 0.02102803738317757
39 0.31015625 0.42289719626168226 0.0046875 0.007009345794392523
39 0.30078125 0.4485981308411215 0.0078125 0.009345794392523364
39 0.7671875 0.0911214953271028 0.0109375 0.02102803738317757
39 0.64921875 0.4883177570093458 0.0078125 0.011682242990654205
22 0.20859375 0.7137850467289719 0.0484375 0.08878504672897196
22 0.11328125 0.6834112149532711 0.040625 0.0630841121495327
2 0.2 0.8598130841121495 0.065625 0.14018691588785046
22 0.07109375 0.7535046728971962 0.0671875 0.10747663551401869
48 0.9859375 0.6495327102803738 0.01875 0.11448598130841121
35 0.98046875 0.6764018691588785 0.025 0.035046728971962614
35 0.94765625 0.6191588785046729 0.0046875 0.016355140186915886
39 0.46328125 0.37149532710280375 0.0078125 0.011682242990654205
39 0.503125 0.530373831775701 0.00625 0.007009345794392523
39 0.3734375 0.46261682242990654 0.003125 0.007009345794392523
39 0.28984375 0.4824766355140187 0.0046875 0.007009345794392523
39 0.1359375 0.4427570093457944 0.0078125 0.011682242990654205
39 0.36171875 0.4310747663551402 0.00625 0.011682242990654205
48 0.434375 0.7464953271028038 0.059375 0.26635514018691586