62 0.7734375 0.09836065573770492 0.0375 0.053864168618266976
48 0.28203125 0.7049180327868853 0.1234375 0.5620608899297423
48 0.028125 0.6334894613583139 0.05625 0.3747072599531616
48 0.86640625 0.5339578454332553 0.0171875 0.0468384074941452
48 0.71796875 0.6885245901639344 0.1734375 0.44730679156908665
18 0.07578125 0.5573770491803278 0.08125 0.06557377049180328
18 0.14921875 0.5480093676814989 0.084375 0.06088992974238876
48 0.9796875 0.7576112412177985 0.040625 0.07494145199063232
18 0.38046875 0.5351288056206089 0.0953125 0.08899297423887588
18 0.46875 0.5409836065573771 0.084375 0.06323185011709602
18 0.5421875 0.5421545667447307 0.078125 0.07259953161592506
18 0.953125 0.522248243559719 0.0828125 0.07259953161592506
18 0.69765625 0.5140515222482436 0.05 0.03278688524590164
18 0.775 0.5175644028103045 0.05 0.06791569086651054
18 0.86640625 0.5245901639344263 0.0953125 0.06791569086651054
18 0.2171875 0.550351288056206 0.0703125 0.06323185011709602
18 0.5078125 0.5128805620608899 0.053125 0.0351288056206089
18 0.6171875 0.5257611241217799 0.0765625 0.07728337236533958
18 0.17734375 0.5199063231850117 0.0578125 0.03044496487119438
48 0.23671875 0.6791569086651054 0.10625 0.4847775175644028