48 0.3515625 0.6364583333333333 0.403125 0.5979166666666667
48 0.7875 0.703125 0.334375 0.41041666666666665
48 0.28984375 0.40520833333333334 0.09375 0.39166666666666666
48 0.1140625 0.4375 0.090625 0.4083333333333333
48 0.03359375 0.40520833333333334 0.0671875 0.4583333333333333
4 0.271875 0.37916666666666665 0.090625 0.15208333333333332
5 0.65390625 0.5947916666666667 0.06875 0.11041666666666666
12 0.1171875 0.359375 0.0765625 0.07291666666666667
48 0.65078125 0.309375 0.1 0.11666666666666667
48 0.36328125 0.29375 0.0921875 0.125
48 0.86796875 0.31666666666666665 0.1203125 0.2916666666666667
48 0.946875 0.346875 0.10625 0.24375
48 0.7265625 0.4041666666666667 0.121875 0.325