50 0.13125 0.3875 0.140625 0.14375
50 0.06328125 0.45416666666666666 0.05625 0.11875
50 0.12890625 0.440625 0.0359375 0.05
22 0.7171875 0.7322916666666667 0.26875 0.45
22 0.58046875 0.484375 0.1734375 0.18333333333333332
22 0.3484375 0.4739583333333333 0.18125 0.17291666666666666
60 0.33984375 0.76875 0.6765625 0.4354166666666667
60 0.001479578125 0.0018616979166666667 0.0001658453125 0.00042799375000000003
48 0.24375 0.48854166666666665 0.1296875 0.21875
12 0.36875 0.30104166666666665 0.00625 0.04583333333333333
12 0.36171875 0.221875 0.01875 0.04583333333333333
12 0.3921875 0.37083333333333335 0.0421875 0.05416666666666667
12 0.38984375 0.4322916666666667 0.034375 0.01875
12 0.3828125 0.303125 0.0203125 0.004166666666666667
12 0.3828125 0.22395833333333334 0.00625 0.04375
12 0.3640625 0.4625 0.040625 0.0125
12 0.35859375 0.375 0.0265625 0.05416666666666667
12 0.359375 0.4114583333333333 0.0296875 0.014583333333333334
12 0.38203125 0.44479166666666664 0.0375 0.014583333333333334
12 0.359375 0.46458333333333335 0.05625 0.035416666666666666
12 0.84296875 0.6375 0.0703125 0.058333333333333334
12 0.35546875 0.2947916666666667 0.0203125 0.05625
13 0.90625 0.3927083333333333 0.025 0.07708333333333334
13 0.721875 0.25 0.009375 0.06041666666666667
12 0.3921875 0.22395833333333334 0.0078125 0.041666666666666664
23 0.58828125 0.13854166666666667 0.0421875 0.06666666666666667
13 0.88125 0.39479166666666665 0.034375 0.07708333333333334
77 0.74375 0.2520833333333333 0.021875 0.0625
77 0.91484375 0.2760416666666667 0.025 0.05416666666666667