67 0.4744744744744745 0.658 0.15615615615615616 0.13
48 0.8873873873873874 0.646 0.22522522522522523 0.43
48 0.5285285285285285 0.63 0.27927927927927926 0.492
48 0.8738738738738738 0.387 0.07207207207207207 0.052
48 0.6366366366366366 0.396 0.07807807807807808 0.074
48 0.42492492492492495 0.372 0.06306306306306306 0.05
48 0.4189189189189189 0.441 0.09009009009009009 0.07
48 0.47147147147147145 0.14 0.07807807807807808 0.062
48 0.8378378378378378 0.332 0.08108108108108109 0.046
8 0.33783783783783783 0.386 0.12012012012012012 0.02
8 0.34534534534534533 0.54 0.10810810810810811 0.096
8 0.8888888888888888 0.362 0.2222222222222222 0.024
22 0.3078078078078078 0.325 0.036036036036036036 0.018
48 0.30180180180180183 0.503 0.1111111111111111 0.116
48 0.8693693693693694 0.405 0.07807807807807808 0.046
48 0.8048048048048048 0.399 0.07507507507507508 0.062
48 0.31681681681681684 0.302 0.05405405405405406 0.066
48 0.7117117117117117 0.402 0.07807807807807808 0.058
8 0.9324324324324325 0.401 0.0960960960960961 0.068
8 0.8948948948948949 0.105 0.04504504504504504 0.016
8 0.8228228228228228 0.452 0.1831831831831832 0.046
8 0.7612612612612613 0.414 0.042042042042042045 0.032
8 0.3408408408408408 0.415 0.07507507507507508 0.038
8 0.34684684684684686 0.368 0.12612612612612611 0.016
8 0.33933933933933935 0.181 0.04504504504504504 0.016
8 0.2822822822822823 0.179 0.03003003003003003 0.006
8 0.2822822822822823 0.14 0.057057057057057055 0.012
8 0.30180180180180183 0.103 0.04504504504504504 0.018