68 0.475 0.6065573770491803 0.103125 0.5714285714285714
21 0.43359375 0.24473067915690866 0.040625 0.08196721311475409
72 0.07109375 0.17798594847775176 0.0375 0.10070257611241218
48 0.49609375 0.5117096018735363 0.5046875 0.9578454332552693
48 0.16015625 0.5281030444964872 0.0453125 0.20843091334894615
74 0.14375 0.44730679156908665 0.1234375 0.1053864168618267
74 0.24140625 0.4648711943793911 0.053125 0.05620608899297424
74 0.03671875 0.45784543325526933 0.0734375 0.09133489461358314
72 0.08125 0.2903981264637002 0.0234375 0.07259953161592506
2 0.18046875 0.4894613583138173 0.0265625 0.07494145199063232
35 0.14609375 0.5175644028103045 0.0125 0.03747072599531616
35 0.18359375 0.49765807962529274 0.021875 0.053864168618266976
72 0.0765625 0.02810304449648712 0.0265625 0.05620608899297424