59 0.421875 0.6264501160092807 0.1609375 0.25754060324825984
48 0.50390625 0.43387470997679817 0.2546875 0.54292343387471
48 0.959375 0.6902552204176334 0.0640625 0.4385150812064965
48 0.73984375 0.697215777262181 0.1390625 0.3851508120649652
48 0.7015625 0.6403712296983759 0.06875 0.1716937354988399
48 0.53515625 0.7308584686774942 0.0578125 0.2923433874709977
48 0.303125 0.648491879350348 0.0390625 0.14849187935034802
48 0.61171875 0.728538283062645 0.09375 0.3271461716937355
48 0.68671875 0.7679814385150812 0.1078125 0.22273781902552203
18 0.21328125 0.6508120649651972 0.0578125 0.07192575406032482
35 0.93125 0.6995359628770301 0.0421875 0.17865429234338748
22 0.8046875 0.21577726218097448 0.03125 0.06496519721577726
22 0.64765625 0.2354988399071926 0.0328125 0.06264501160092807
22 0.3234375 0.27494199535962877 0.04375 0.05568445475638051
48 0.90703125 0.6716937354988399 0.0578125 0.38979118329466356
48 0.3609375 0.6682134570765661 0.0640625 0.16009280742459397
74 0.503125 0.580046403712297 0.9859375 0.8051044083526682
48 0.94765625 0.5104408352668214 0.03125 0.02320185614849188
18 0.61328125 0.7018561484918794 0.2640625 0.2853828306264501
74 0.646875 0.7018561484918794 0.196875 0.2923433874709977
48 0.85390625 0.6867749419953596 0.103125 0.42923433874709976
22 0.41875 0.26102088167053367 0.04375 0.06496519721577726