68 0.865625 0.550351288056206 0.0578125 0.24121779859484777
48 0.465625 0.3957845433255269 0.153125 0.3957845433255269
48 0.40390625 0.6510538641686182 0.26875 0.6955503512880562
48 0.15703125 0.617096018735363 0.3109375 0.7330210772833724
48 0.065625 0.44028103044496486 0.0671875 0.117096018735363
48 0.5578125 0.32435597189695553 0.071875 0.09133489461358314
48 0.66015625 0.5702576112412178 0.3265625 0.8360655737704918
48 0.78515625 0.29156908665105385 0.0953125 0.26229508196721313
48 0.9453125 0.49882903981264637 0.109375 0.6370023419203747
48 0.403125 0.36416861826697894 0.071875 0.23653395784543327
48 0.24296875 0.41569086651053866 0.0875 0.1288056206088993
48 0.87734375 0.6124121779859485 0.1734375 0.765807962529274