12 0.6733333333333333 0.535 0.042666666666666665 0.154
12 0.62 0.596 0.037333333333333336 0.31
12 0.7093333333333334 0.538 0.032 0.142
12 0.7933333333333333 0.513 0.056 0.186
12 0.8293333333333334 0.553 0.04 0.1
12 0.6293333333333333 0.523 0.06933333333333333 0.182
12 0.696 0.541 0.024 0.13
12 0.7186666666666667 0.533 0.04533333333333334 0.146
77 0.38266666666666665 0.9 0.21066666666666667 0.178
12 0.6933333333333334 0.509 0.208 0.204
12 0.5333333333333333 0.494 0.013333333333333334 0.082
12 0.6013333333333334 0.571 0.037333333333333336 0.256
12 0.5626666666666666 0.521 0.042666666666666665 0.23
48 0.784 0.706 0.07466666666666667 0.108
48 0.7373333333333333 0.711 0.056 0.134
48 0.828 0.707 0.042666666666666665 0.1
12 0.5533333333333333 0.492 0.029333333333333333 0.072