72 0.50390625 0.580607476635514 0.0328125 0.14485981308411214
48 0.01640625 0.7733644859813084 0.0296875 0.11448598130841121
48 0.09921875 0.794392523364486 0.0390625 0.14018691588785046
48 0.146875 0.7873831775700935 0.040625 0.13317757009345793
48 0.1828125 0.7464953271028038 0.01875 0.06542056074766354
48 0.1671875 0.75 0.0125 0.06775700934579439
48 0.23984375 0.8212616822429907 0.0375 0.1658878504672897
48 0.20703125 0.7464953271028038 0.009375 0.07476635514018691
48 0.41953125 0.8142523364485982 0.0375 0.17289719626168223
48 0.94296875 0.8072429906542056 0.0296875 0.14953271028037382
48 0.60859375 0.7955607476635514 0.0296875 0.17757009345794392
18 0.675 0.7336448598130841 0.04375 0.04439252336448598
48 0.065625 0.8014018691588785 0.0328125 0.1705607476635514
18 0.33515625 0.7242990654205608 0.0265625 0.035046728971962614
18 0.3125 0.7266355140186916 0.021875 0.035046728971962614
48 0.87890625 0.7792056074766355 0.03125 0.10514018691588785
48 0.621875 0.7184579439252337 0.0078125 0.035046728971962614