55 0.5390625 0.5117096018735363 0.1375 0.20374707259953162
55 0.61953125 0.5819672131147541 0.121875 0.17330210772833723
55 0.4375 0.5058548009367682 0.090625 0.15456674473067916
55 0.23125 0.44028103044496486 0.0390625 0.0936768149882904
55 0.7703125 0.6288056206088993 0.15 0.23185011709601874
55 0.334375 0.4812646370023419 0.0484375 0.12412177985948478
55 0.21875 0.4168618266978923 0.053125 0.08430913348946135
48 0.29375 0.477751756440281 0.134375 0.26229508196721313
48 0.47734375 0.40749414519906324 0.053125 0.08196721311475409
48 0.909375 0.4016393442622951 0.040625 0.20374707259953162
48 0.6765625 0.4765807962529274 0.0921875 0.40749414519906324
48 0.82890625 0.48360655737704916 0.1046875 0.5573770491803278
48 0.74375 0.44730679156908665 0.0875 0.30210772833723654
48 0.78671875 0.3770491803278688 0.025 0.16393442622950818
48 0.79765625 0.39344262295081966 0.0359375 0.18032786885245902
48 0.3890625 0.46955503512880564 0.0984375 0.23653395784543327
55 0.42265625 0.45784543325526933 0.0828125 0.10772833723653395
55 0.01015625 0.3629976580796253 0.0203125 0.04449648711943794
48 0.2578125 0.3395784543325527 0.03125 0.09133489461358314
48 0.2359375 0.3337236533957845 0.0328125 0.11007025761124122
48 0.3703125 0.32669789227166274 0.0484375 0.09601873536299765
48 0.578125 0.3711943793911007 0.0828125 0.26229508196721313
55 0.3015625 0.4847775175644028 0.0234375 0.08196721311475409