21 0.884375 0.60703125 0.0578125 0.0953125
48 0.5671875 0.63125 0.690625 0.7375
48 0.70546875 0.565625 0.4265625 0.8375
48 0.0890625 0.4234375 0.1015625 0.2078125
48 0.259375 0.3234375 0.0765625 0.0921875
48 0.96640625 0.5890625 0.0671875 0.2265625
22 0.0014095578124999999 0.00142371875 0.00012815 0.00027756406249999997
22 0.0014469734375 0.001233496875 0.0002310546875 0.00040493125
48 0.02265625 0.359375 0.0453125 0.090625
48 0.178125 0.64453125 0.2359375 0.675
48 0.54453125 0.31328125 0.0890625 0.1734375