21 0.38046875 0.6270833333333333 0.0515625 0.08333333333333333
22 0.6359375 0.38958333333333334 0.03125 0.15
22 0.2921875 0.22604166666666667 0.1484375 0.28541666666666665
22 0.2671875 0.12604166666666666 0.10625 0.18958333333333333
22 0.68984375 0.06458333333333334 0.0890625 0.12916666666666668
22 0.27890625 0.08333333333333333 0.0421875 0.16041666666666668
22 0.24765625 0.078125 0.06875 0.14166666666666666
48 0.78125 0.26875 0.2953125 0.45
41 0.87578125 0.490625 0.2484375 0.16041666666666668
41 0.2203125 0.709375 0.3046875 0.20208333333333334
68 0.16484375 0.35104166666666664 0.059375 0.0875
22 0.8921875 0.04791666666666667 0.0671875 0.09583333333333334
22 0.465625 0.4041666666666667 0.2078125 0.20208333333333334
22 0.97890625 0.065625 0.0421875 0.13125
22 0.64140625 0.06354166666666666 0.096875 0.12708333333333333
48 0.184375 0.35 0.36875 0.63125