13 0.0859375 0.7283393501805054 0.140625 0.061371841155234655
48 0.7234375 0.5803249097472925 0.3375 0.5595667870036101
48 0.51015625 0.4918772563176895 0.1765625 0.3916967509025271
48 0.42109375 0.49458483754512633 0.121875 0.33754512635379064
48 0.33515625 0.4214801444043321 0.090625 0.17509025270758122
48 0.34609375 0.45938628158844763 0.1203125 0.1931407942238267
48 0.28515625 0.3844765342960289 0.0453125 0.07581227436823104
3 0.9 0.7842960288808665 0.19375 0.16967509025270758
3 0.06328125 0.8366425992779783 0.1265625 0.09747292418772563
3 0.7328125 0.8249097472924187 0.1671875 0.15703971119133575
3 0.53125 0.6534296028880866 0.0828125 0.07220216606498195
48 0.29921875 0.41425992779783394 0.09375 0.15342960288808663
48 0.98125 0.39981949458483756 0.0375 0.1299638989169675
3 0.13359375 0.5740072202166066 0.059375 0.05054151624548736
3 0.88359375 0.6787003610108303 0.0875 0.02888086642599278
48 0.28515625 0.30324909747292417 0.0671875 0.14981949458483754
48 0.88125 0.40342960288808666 0.0796875 0.09205776173285199
40 0.796875 0.7617328519855595 0.0375 0.03429602888086643
48 0.71796875 0.44945848375451264 0.3890625 0.37725631768953066
56 0.3484375 0.8231046931407943 0.490625 0.3267148014440433