48 0.721875 0.3044496487119438 0.3140625 0.6065573770491803
48 0.37734375 0.06206088992974239 0.05 0.12412177985948478
57 0.39375 0.572599531615925 0.225 0.09601873536299765
2 0.07734375 0.28805620608899296 0.0703125 0.11007025761124122
2 0.16953125 0.30210772833723654 0.1234375 0.13348946135831383
48 0.2859375 0.05269320843091335 0.1078125 0.10304449648711944
48 0.63515625 0.19437939110070257 0.1359375 0.38875878220140514
48 0.89765625 0.14637002341920374 0.096875 0.2927400468384075
48 0.9671875 0.1451990632318501 0.065625 0.2903981264637002
48 0.5296875 0.07962529274004684 0.1109375 0.1592505854800937
48 0.04765625 0.17798594847775176 0.075 0.12646370023419204