2 0.2921875 0.38278388278388276 0.0625 0.27106227106227104
2 0.5359375 0.3498168498168498 0.021875 0.0989010989010989
48 0.43203125 0.5439560439560439 0.0953125 0.63003663003663
35 0.440625 0.47985347985347987 0.071875 0.3333333333333333
48 0.36953125 0.3901098901098901 0.0671875 0.575091575091575
48 0.78984375 0.45604395604395603 0.0859375 0.46886446886446886
48 0.2828125 0.24175824175824176 0.0390625 0.11721611721611722
48 0.91953125 0.45787545787545786 0.125 0.6153846153846154
48 0.68984375 0.5 0.0703125 0.6556776556776557
48 0.2609375 0.5732600732600732 0.15 0.8351648351648352
48 0.11796875 0.4175824175824176 0.0609375 0.5714285714285714
48 0.5140625 0.4908424908424908 0.06875 0.4542124542124542
48 0.77109375 0.4194139194139194 0.065625 0.4908424908424908
48 0.16484375 0.4908424908424908 0.065625 0.5274725274725275
48 0.09140625 0.45604395604395603 0.128125 0.5677655677655677
2 0.7203125 0.34065934065934067 0.01875 0.12454212454212454
76 0.415625 0.19963369963369965 0.146875 0.1575091575091575
76 0.21640625 0.14285714285714285 0.184375 0.23443223443223443
76 0.3078125 0.10256410256410256 0.0609375 0.11355311355311355
76 0.2578125 0.08241758241758242 0.1015625 0.12087912087912088
76 0.17109375 0.19597069597069597 0.078125 0.11355311355311355
76 0.0625 0.1227106227106227 0.125 0.10256410256410256
76 0.1 0.10256410256410256 0.103125 0.07692307692307693
76 0.50234375 0.1978021978021978 0.0921875 0.2087912087912088
76 0.3546875 0.11172161172161173 0.115625 0.15018315018315018
76 0.69453125 0.1227106227106227 0.0734375 0.09523809523809523
76 0.97578125 0.3315018315018315 0.0484375 0.25274725274725274
76 0.771875 0.14102564102564102 0.1203125 0.09157509157509157
48 0.31015625 0.6794871794871795 0.08125 0.358974358974359
76 0.88046875 0.11721611721611722 0.1359375 0.10256410256410256