55 0.4453125 0.6873278236914601 0.0234375 0.027548209366391185
55 0.371875 0.6887052341597796 0.0171875 0.024793388429752067
55 0.33203125 0.6818181818181818 0.01875 0.027548209366391185
55 0.56640625 0.699724517906336 0.0171875 0.03305785123966942
55 0.690625 0.6859504132231405 0.0203125 0.024793388429752067
55 0.7609375 0.6845730027548209 0.0109375 0.03305785123966942
55 0.49375 0.6611570247933884 0.0140625 0.01652892561983471
55 0.4921875 0.6377410468319559 0.0078125 0.008264462809917356
55 0.428125 0.6487603305785123 0.00625 0.01652892561983471
55 0.46640625 0.6446280991735537 0.0109375 0.011019283746556474
55 0.5546875 0.696969696969697 0.0140625 0.024793388429752067
55 0.5796875 0.6887052341597796 0.0125 0.024793388429752067
55 0.6296875 0.650137741046832 0.0109375 0.011019283746556474