21 0.6466666666666666 0.257 0.010666666666666666 0.018
48 0.44266666666666665 0.51 0.808 0.98
48 0.832 0.596 0.32 0.774
48 0.66 0.303 0.21333333333333335 0.198
48 0.09866666666666667 0.615 0.19733333333333333 0.67
52 0.7066666666666667 0.774 0.184 0.2
48 0.06533333333333333 0.352 0.13066666666666665 0.168
2 0.816 0.426 0.208 0.122
52 0.972 0.536 0.050666666666666665 0.024
48 0.18266666666666667 0.357 0.14133333333333334 0.132
48 0.272 0.33 0.05333333333333334 0.084
48 0.216 0.284 0.06933333333333333 0.05
52 0.9586666666666667 0.579 0.06133333333333333 0.026
48 0.30266666666666664 0.34 0.09066666666666667 0.064
48 0.9546666666666667 0.549 0.09066666666666667 0.628