24 0.85 0.7094117647058824 0.0890625 0.24705882352941178
24 0.86484375 0.5658823529411765 0.040625 0.04
48 0.96015625 0.6588235294117647 0.0578125 0.22823529411764706
48 0.8046875 0.5729411764705883 0.0234375 0.09176470588235294
48 0.9421875 0.5517647058823529 0.0390625 0.05411764705882353
48 0.903125 0.5741176470588235 0.015625 0.06588235294117648
48 0.89296875 0.5470588235294118 0.009375 0.021176470588235293
48 0.98125 0.5411764705882353 0.0234375 0.05176470588235294
48 0.8484375 0.5494117647058824 0.01875 0.03764705882352941
48 0.83046875 0.5505882352941176 0.009375 0.04
48 0.92421875 0.5647058823529412 0.0203125 0.08470588235294117
9 0.63125 0.8258823529411765 0.2375 0.34823529411764703
9 0.715625 0.8058823529411765 0.090625 0.24941176470588236
9 0.75390625 0.7894117647058824 0.0859375 0.2164705882352941
9 0.340625 0.6447058823529411 0.2921875 0.5176470588235295
9 0.775 0.7164705882352941 0.10625 0.21411764705882352
9 0.7703125 0.6658823529411765 0.05 0.07294117647058823
9 0.5140625 0.5435294117647059 0.06875 0.1388235294117647
9 0.753125 0.7447058823529412 0.103125 0.21176470588235294
9 0.7328125 0.7894117647058824 0.08125 0.23529411764705882
9 0.62890625 0.6141176470588235 0.14375 0.17647058823529413
24 0.98125 0.6282352941176471 0.03125 0.10352941176470588
9 0.60859375 0.8411764705882353 0.253125 0.3176470588235294
9 0.3625 0.8670588235294118 0.0546875 0.042352941176470586
9 0.478125 0.5894117647058823 0.0578125 0.08705882352941176
48 0.8859375 0.5741176470588235 0.0171875 0.08470588235294117
48 0.25546875 0.5858823529411765 0.0640625 0.23294117647058823
48 0.0015506843750000001 0.0013135223529411766 0.0000236328125 0.00020556470588235293