67 0.49782608695652175 0.61015625 0.2326086956521739 0.2296875
48 0.5576086956521739 0.53359375 0.29782608695652174 0.690625
48 0.8467391304347827 0.29296875 0.16304347826086957 0.1078125
48 0.675 0.2734375 0.13043478260869565 0.0875
48 0.7641304347826087 0.159375 0.14347826086956522 0.14375
48 0.5978260869565217 0.17109375 0.17391304347826086 0.134375
48 0.6641304347826087 0.1484375 0.10434782608695652 0.1625
48 0.4326086956521739 0.17734375 0.1391304347826087 0.140625
48 0.2902173913043478 0.2859375 0.11521739130434783 0.109375
48 0.2728260869565217 0.16875 0.13260869565217392 0.1203125
48 0.11521739130434783 0.159375 0.1673913043478261 0.13125
48 0.18695652173913044 0.1375 0.11956521739130435 0.1703125
68 0.8315217391304348 0.33125 0.017391304347826087 0.0328125
48 0.9173913043478261 0.1640625 0.1608695652173913 0.1390625
48 0.3130434782608696 0.059375 0.1673913043478261 0.11875