22 0.21484375 0.825 0.209375 0.32083333333333336
22 0.8078125 0.8489583333333334 0.19375 0.3
60 0.03828125 0.9375 0.0703125 0.09791666666666667
26 0.51328125 0.846875 0.40625 0.26666666666666666
25 0.36171875 0.7979166666666667 0.040625 0.06041666666666667
25 0.5515625 0.775 0.0296875 0.07708333333333334
52 0.49375 0.8270833333333333 0.071875 0.027083333333333334
77 0.2984375 0.2864583333333333 0.03125 0.09375
77 0.6734375 0.2875 0.0296875 0.09583333333333334
41 0.63203125 0.7729166666666667 0.1109375 0.06875
52 0.48671875 0.7916666666666666 0.05 0.020833333333333332
41 0.3765625 0.7645833333333333 0.0890625 0.04791666666666667