48 0.75 0.9666666666666667 0.124 0.06666666666666667
25 0.73 0.7413333333333333 0.052 0.09066666666666667
25 0.938 0.576 0.058 0.128
25 0.941 0.428 0.056 0.12533333333333332
25 0.779 0.536 0.056 0.14666666666666667
28 0.741 0.9093333333333333 0.034 0.021333333333333333
28 0.304 0.44533333333333336 0.108 0.16
28 0.95 0.9026666666666666 0.032 0.024
28 0.949 0.888 0.038 0.034666666666666665
28 0.74 0.8653333333333333 0.03 0.032
28 0.874 0.9026666666666666 0.02 0.029333333333333333
28 0.886 0.9053333333333333 0.016 0.02666666666666667
28 0.893 0.8946666666666667 0.026 0.04533333333333334
28 0.914 0.8853333333333333 0.012 0.018666666666666668
28 0.611 0.8853333333333333 0.024 0.018666666666666668
28 0.601 0.9026666666666666 0.014 0.016
28 0.892 0.6173333333333333 0.076 0.07733333333333334