18 0.875 0.5494117647058824 0.246875 0.25176470588235295
18 0.70703125 0.4647058823529412 0.1671875 0.2541176470588235
18 0.5703125 0.5388235294117647 0.1734375 0.23294117647058823
16 0.41875 0.3952941176470588 0.1265625 0.2188235294117647
48 0.4625 0.5505882352941176 0.0859375 0.36941176470588233
48 0.20390625 0.5623529411764706 0.0796875 0.32235294117647056
18 0.3375 0.4411764705882353 0.0203125 0.047058823529411764
48 0.01953125 0.508235294117647 0.0390625 0.2
48 0.65390625 0.4258823529411765 0.015625 0.03529411764705882
48 0.02890625 0.42470588235294116 0.0296875 0.07529411764705882
18 0.31796875 0.43529411764705883 0.009375 0.03764705882352941
74 0.88203125 0.3552941176470588 0.2359375 0.25882352941176473
72 0.38203125 0.27176470588235296 0.0203125 0.042352941176470586
57 0.4515625 0.7423529411764705 0.05 0.03764705882352941
2 0.4265625 0.5023529411764706 0.0171875 0.11294117647058824
48 0.0015479375 0.0009228235294117647 0.0000291265625 0.00011233176470588235
18 0.61328125 0.4435294117647059 0.0515625 0.07529411764705882
18 0.359375 0.45647058823529413 0.01875 0.058823529411764705
16 0.28984375 0.4047058823529412 0.05625 0.07529411764705882
48 0.04765625 0.4388235294117647 0.0171875 0.1011764705882353
48 0.525 0.38235294117647056 0.0109375 0.02588235294117647
18 0.2890625 0.44823529411764707 0.0546875 0.06823529411764706
18 0.525 0.40705882352941175 0.0703125 0.03058823529411765
35 0.18671875 0.5211764705882352 0.03125 0.058823529411764705
35 0.22421875 0.8 0.084375 0.24705882352941178