50 0.2222222222222222 0.5392156862745098 0.25326797385620914 0.29901960784313725
45 0.5277777777777778 0.5939542483660131 0.0392156862745098 0.03758169934640523
22 0.9526143790849673 0.9027777777777778 0.08986928104575163 0.18790849673202614
77 0.4795751633986928 0.5318627450980392 0.06209150326797386 0.06209150326797386
14 0.4133986928104575 0.6544117647058824 0.3088235294117647 0.19281045751633988
14 0.619281045751634 0.07598039215686274 0.09967320261437909 0.0784313725490196
22 0.08823529411764706 0.7965686274509803 0.17647058823529413 0.40522875816993464
26 0.5106209150326797 0.8063725490196079 0.9787581699346405 0.3872549019607843
3 0.24183006535947713 0.48937908496732024 0.06699346405228758 0.0784313725490196
45 0.4869281045751634 0.6266339869281046 0.03431372549019608 0.029411764705882353
45 0.32679738562091504 0.6625816993464052 0.049019607843137254 0.03104575163398693