57 0.28205128205128205 0.315625 0.11655011655011654 0.125
48 0.5384615384615384 0.33046875 0.5477855477855478 0.3078125
48 0.2668997668997669 0.80625 0.07226107226107226 0.1375
48 0.710955710955711 0.88828125 0.09324009324009325 0.1171875
48 0.7738927738927739 0.88671875 0.07459207459207459 0.1109375
48 0.824009324009324 0.8890625 0.06293706293706294 0.125
9 0.8822843822843823 0.81640625 0.1445221445221445 0.0765625
10 0.5734265734265734 0.89453125 0.0675990675990676 0.0515625
48 0.168997668997669 0.859375 0.08391608391608392 0.1140625
48 0.8834498834498834 0.8953125 0.07459207459207459 0.1
48 0.972027972027972 0.871875 0.053613053613053616 0.1
8 0.7202797202797203 0.8953125 0.14219114219114218 0.0796875