48 0.552 0.4746666666666667 0.19 0.384
48 0.364 0.6226666666666667 0.356 0.7546666666666667
42 0.937 0.5253333333333333 0.108 0.11466666666666667
46 0.937 0.6413333333333333 0.124 0.10933333333333334
13 0.381 0.18 0.032 0.152
40 0.342 0.164 0.014 0.112
50 0.517 0.6626666666666666 0.258 0.20533333333333334
51 0.436 0.3506666666666667 0.318 0.144
25 0.742 0.672 0.046 0.12533333333333332
40 0.355 0.16933333333333334 0.016 0.112
48 0.231 0.6573333333333333 0.224 0.68
48 0.67 0.48533333333333334 0.192 0.4266666666666667
46 0.935 0.5226666666666666 0.108 0.10933333333333334