53 0.3660130718954248 0.8251633986928104 0.2565359477124183 0.2630718954248366
53 0.7271241830065359 0.6887254901960784 0.2630718954248366 0.1437908496732026
25 0.08415032679738563 0.41421568627450983 0.16339869281045752 0.28594771241830064
25 0.8962418300653595 0.3570261437908497 0.20261437908496732 0.477124183006536
25 0.22058823529411764 0.21486928104575165 0.12908496732026145 0.1503267973856209
61 0.34068627450980393 0.10784313725490197 0.29901960784313725 0.08496732026143791
17 0.625 0.4583333333333333 0.17973856209150327 0.15359477124183007
17 0.5424836601307189 0.5049019607843137 0.14052287581699346 0.15522875816993464
40 0.0015537434640522877 0.0011027009803921569 0.00016048856209150328 0.000060179738562091504
40 0.04656862745098039 0.6625816993464052 0.09313725490196079 0.026143790849673203
61 0.5841503267973857 0.7753267973856209 0.1895424836601307 0.16993464052287582
61 0.6674836601307189 0.07434640522875817 0.17320261437908496 0.13071895424836602
61 0.31781045751633985 0.6911764705882353 0.3366013071895425 0.13071895424836602
61 0.07761437908496732 0.23447712418300654 0.10784313725490197 0.04084967320261438
17 0.5571895424836601 0.3660130718954248 0.11601307189542484 0.11601307189542484
17 0.35049019607843135 0.48284313725490197 0.19934640522875818 0.13071895424836602
48 0.9297385620915033 0.06535947712418301 0.13562091503267973 0.13071895424836602
25 0.049019607843137254 0.17892156862745098 0.09803921568627451 0.1323529411764706
25 0.6462418300653595 0.27450980392156865 0.24673202614379086 0.09313725490196079
17 0.41094771241830064 0.5212418300653595 0.14215686274509803 0.11437908496732026
17 0.6887254901960784 0.7655228758169934 0.10457516339869281 0.1437908496732026
17 0.6625816993464052 0.38480392156862747 0.09313725490196079 0.08496732026143791
17 0.28513071895424835 0.4338235294117647 0.11601307189542484 0.08823529411764706
17 0.33169934640522875 0.3668300653594771 0.12091503267973856 0.10130718954248366
17 0.4158496732026144 0.3431372549019608 0.11764705882352941 0.12581699346405228
61 0.9697712418300654 0.190359477124183 0.06045751633986928 0.16176470588235295
14 0.0012392140522875818 0.001490839869281046 0.000789547385620915 0.000236421568627451
25 0.7116013071895425 0.18055555555555555 0.1111111111111111 0.10620915032679738
53 0.27124183006535946 0.6552287581699346 0.13725490196078433 0.11601307189542484