27 0.415625 0.7791666666666667 0.0515625 0.12291666666666666
48 0.47109375 0.44895833333333335 0.0140625 0.052083333333333336
48 0.4875 0.43645833333333334 0.0078125 0.03125
65 0.1671875 0.37604166666666666 0.2125 0.75
48 0.48046875 0.43645833333333334 0.0046875 0.027083333333333334
48 0.684375 0.5072916666666667 0.0125 0.022916666666666665
48 0.7171875 0.5177083333333333 0.0328125 0.01875
48 0.7375 0.50625 0.0171875 0.022916666666666665
48 0.85625 0.49166666666666664 0.01875 0.052083333333333336
48 0.646875 0.4583333333333333 0.00625 0.022916666666666665
48 0.83125 0.46458333333333335 0.009375 0.0125
48 0.97109375 0.4666666666666667 0.0078125 0.022916666666666665
48 0.58515625 0.4583333333333333 0.0078125 0.020833333333333332
48 0.1890625 0.6770833333333334 0.3671875 0.5083333333333333
48 0.52734375 0.434375 0.00625 0.020833333333333332