76 0.675 0.12763466042154567 0.2375 0.19437939110070257
76 0.1140625 0.6814988290398126 0.159375 0.1592505854800937
76 0.40078125 0.7915690866510539 0.165625 0.07494145199063232
48 0.3453125 0.6100702576112412 0.1921875 0.7377049180327869
48 0.5421875 0.5714285714285714 0.2953125 0.702576112412178
48 0.63125 0.6112412177985949 0.140625 0.594847775175644
48 0.7265625 0.5831381733021077 0.2359375 0.6416861826697893
48 0.81875 0.5515222482435597 0.0890625 0.594847775175644
2 0.5078125 0.4859484777517564 0.109375 0.24355971896955503
2 0.75546875 0.45433255269320844 0.0671875 0.1451990632318501
35 0.66796875 0.5362997658079626 0.0703125 0.2857142857142857
2 0.81171875 0.4531615925058548 0.0546875 0.18032786885245902
76 0.23359375 0.6124121779859485 0.13125 0.3091334894613583
48 0.8 0.5807962529274004 0.10625 0.6065573770491803
35 0.7265625 0.5702576112412178 0.0765625 0.09133489461358314