48 0.36875 0.47523584905660377 0.3390625 0.785377358490566
48 0.21328125 0.46462264150943394 0.2375 0.6108490566037735
48 0.71328125 0.5660377358490566 0.49375 0.8278301886792453
48 0.1921875 0.36792452830188677 0.384375 0.7240566037735849
48 0.51484375 0.31839622641509435 0.2265625 0.6132075471698113
49 0.53125 0.8962264150943396 0.1515625 0.1179245283018868
49 0.21796875 0.7983490566037735 0.1890625 0.1320754716981132
49 0.0203125 0.7535377358490566 0.040625 0.08254716981132075
26 0.13828125 0.9233490566037735 0.2765625 0.12971698113207547
48 0.0014096562499999999 0.0008232476415094339 0.0003056890625 0.0016464929245283018
49 0.5109375 0.9492924528301887 0.275 0.0660377358490566