26 0.53515625 0.639344262295082 0.9296875 0.702576112412178
25 0.9125 0.08079625292740047 0.115625 0.16159250585480095
31 0.79296875 0.5362997658079626 0.315625 0.36533957845433257
40 0.8421875 0.5772833723653396 0.315625 0.3231850117096019
49 0.31171875 0.6697892271662763 0.6234375 0.6323185011709602
49 0.3546875 0.20843091334894615 0.409375 0.26229508196721313
49 0.803125 0.2822014051522248 0.39375 0.32786885245901637
48 0.14453125 0.08430913348946135 0.2859375 0.1686182669789227
48 0.5765625 0.0468384074941452 0.359375 0.09133489461358314
31 0.0921875 0.21428571428571427 0.05625 0.117096018735363
40 0.9625 0.14754098360655737 0.0609375 0.04215456674473068
15 0.72734375 0.27985948477751754 0.0765625 0.08430913348946135
26 0.50078125 0.4964871194379391 0.9984375 0.9812646370023419
15 0.76953125 0.18266978922716628 0.0296875 0.06557377049180328
40 0.05703125 0.234192037470726 0.053125 0.20608899297423888
15 0.8609375 0.36065573770491804 0.046875 0.07962529274004684