22 0.29296875 0.6885416666666667 0.1484375 0.13333333333333333
22 0.0359375 0.671875 0.06875 0.2520833333333333
22 0.86796875 0.6552083333333333 0.190625 0.19375
25 0.38984375 0.8260416666666667 0.05 0.08125
31 0.034375 0.8135416666666667 0.01875 0.06041666666666667
31 0.5796875 0.93125 0.1328125 0.04375
31 0.340625 0.7770833333333333 0.021875 0.04583333333333333
40 0.190625 0.7979166666666667 0.015625 0.07708333333333334
40 0.50703125 0.8145833333333333 0.1265625 0.03958333333333333
46 0.45078125 0.39375 0.0625 0.23541666666666666
48 0.78671875 0.7260416666666667 0.3234375 0.5479166666666667
48 0.25 0.4979166666666667 0.1234375 0.38333333333333336
61 0.4921875 0.49375 0.00625 0.022916666666666665
14 0.00859375 0.7854166666666667 0.015625 0.06875
14 0.54609375 0.546875 0.0484375 0.022916666666666665
75 0.396875 0.38645833333333335 0.0546875 0.058333333333333334
14 0.4953125 0.5197916666666667 0.01875 0.03333333333333333
26 0.34296875 0.8739583333333333 0.6859375 0.2520833333333333