29 0.4953125 0.6291666666666667 0.5640625 0.40625
35 0.8203125 0.678125 0.0234375 0.03958333333333333
48 0.9734375 0.8 0.053125 0.20833333333333334
48 0.91171875 0.7604166666666666 0.1296875 0.27291666666666664
48 0.89765625 0.753125 0.040625 0.24583333333333332
48 0.853125 0.6885416666666667 0.040625 0.09166666666666666
48 0.81328125 0.740625 0.0625 0.23333333333333334
48 0.784375 0.6833333333333333 0.0265625 0.08541666666666667
48 0.759375 0.728125 0.040625 0.2125
48 0.25 0.6552083333333333 0.0640625 0.07916666666666666
48 0.2140625 0.6739583333333333 0.040625 0.1125
48 0.575 0.66875 0.0359375 0.07916666666666666
48 0.55 0.696875 0.0390625 0.1
35 0.5734375 0.678125 0.0203125 0.027083333333333334
48 0.6234375 0.7166666666666667 0.040625 0.15208333333333332
48 0.7078125 0.6916666666666667 0.0515625 0.06875