68 0.64375 0.4132569558101473 0.034375 0.2160392798690671
35 0.83984375 0.38543371522094927 0.059375 0.11620294599018004
35 0.97421875 0.43126022913256956 0.0515625 0.18166939443535188
35 0.5625 0.44271685761047463 0.084375 0.32896890343698854
48 0.2875 0.5294599018003273 0.1515625 0.6235679214402619
48 0.62421875 0.5687397708674304 0.271875 0.7839607201309329
48 0.75390625 0.5212765957446809 0.1171875 0.5122749590834698
48 0.92265625 0.4828150572831424 0.1171875 0.4451718494271686
48 0.75234375 0.27986906710310966 0.05 0.12929623567921442
48 0.784375 0.25450081833060556 0.04375 0.088379705400982
48 0.80078125 0.18166939443535188 0.015625 0.022913256955810146
48 0.853125 0.28477905073649756 0.075 0.14566284779050737
48 0.0015133671875000002 0.0005516022913256957 0.00009826718750000001 0.0003977545008183306
48 0.5359375 0.6350245499181669 0.1296875 0.35842880523731585
48 0.0015158453125 0.0011680834697217677 0.00009331093750000001 0.0007540425531914894
48 0.7703125 0.18248772504091654 0.015625 0.01800327332242226
48 0.87109375 0.21849427168576105 0.0265625 0.054009819967266774
35 0.80390625 0.34615384615384615 0.0375 0.03927986906710311