79 0.646 0.3847305389221557 0.44 0.5089820359281437
79 0.86 0.33083832335329344 0.202 0.4161676646706587
79 0.339 0.4505988023952096 0.436 0.4251497005988024
79 0.493 0.20808383233532934 0.202 0.11077844311377245
79 0.226 0.18413173652694612 0.094 0.07784431137724551
79 0.181 0.19011976047904192 0.098 0.0718562874251497
79 0.177 0.20209580838323354 0.078 0.059880239520958084
79 0.163 0.2964071856287425 0.292 0.2874251497005988
79 0.367 0.19461077844311378 0.114 0.08383233532934131
79 0.899 0.3502994011976048 0.074 0.18862275449101795
79 0.976 0.3023952095808383 0.048 0.20359281437125748
79 0.181 0.1407185628742515 0.082 0.0688622754491018
79 0.031 0.15269461077844312 0.062 0.0658682634730539