28 0.66171875 0.71875 0.2640625 0.29375
28 0.34296875 0.5020833333333333 0.2296875 0.28958333333333336
28 0.346875 0.240625 0.2296875 0.2625
28 0.1375 0.28229166666666666 0.2109375 0.26458333333333334
28 0.12890625 0.5572916666666666 0.2375 0.3104166666666667
28 0.15625 0.8083333333333333 0.2796875 0.3
28 0.5828125 0.4552083333333333 0.2421875 0.28125
28 0.54375 0.21145833333333333 0.2046875 0.24791666666666667
28 0.7359375 0.184375 0.2109375 0.23958333333333334
28 0.4078125 0.7645833333333333 0.2671875 0.29583333333333334
28 0.80546875 0.421875 0.2296875 0.2875
28 0.878125 0.6635416666666667 0.24375 0.28958333333333336