48 0.78515625 0.60625 0.4 0.7479166666666667
11 0.46640625 0.3927083333333333 0.08125 0.03333333333333333
11 0.14296875 0.409375 0.015625 0.016666666666666666
11 0.196875 0.41354166666666664 0.021875 0.0125
11 0.0010546390625 0.0014209208333333333 0.001015721875 0.0013248270833333333
11 0.09609375 0.41354166666666664 0.025 0.020833333333333332
11 0.34296875 0.4125 0.0203125 0.008333333333333333
11 0.21953125 0.41458333333333336 0.0125 0.0020833333333333333
11 0.15234375 0.409375 0.01875 0.025
11 0.03671875 0.41041666666666665 0.0328125 0.03125
11 0.06796875 0.4125 0.025 0.022916666666666665
11 0.12421875 0.41458333333333336 0.0234375 0.01875
11 0.3359375 0.4041666666666667 0.0859375 0.022916666666666665
11 0.24375 0.4114583333333333 0.015625 0.00625