74 0.41171875 0.5 0.2390625 0.27634660421545665
74 0.12265625 0.45784543325526933 0.2375 0.24355971896955503
74 0.55546875 0.4765807962529274 0.1875 0.27400468384074944
74 0.928125 0.3992974238875878 0.14375 0.11475409836065574
48 0.5875 0.3477751756440281 0.021875 0.053864168618266976
48 0.5984375 0.34660421545667447 0.01875 0.09133489461358314
48 0.4203125 0.3337236533957845 0.028125 0.06323185011709602
48 0.30546875 0.3091334894613583 0.021875 0.05620608899297424
48 0.9390625 0.19672131147540983 0.025 0.04215456674473068
74 0.3140625 0.4262295081967213 0.1546875 0.1873536299765808
74 0.24609375 0.3992974238875878 0.0734375 0.117096018735363
48 0.6359375 0.34543325526932084 0.0328125 0.10070257611241218
48 0.1765625 0.4016393442622951 0.0203125 0.02810304449648712