18 0.47890625 0.8416666666666667 0.0890625 0.0875
18 0.81328125 0.8583333333333333 0.090625 0.08541666666666667
18 0.26171875 0.8854166666666666 0.23125 0.15208333333333332
18 0.0625 0.8458333333333333 0.125 0.13333333333333333
72 0.03203125 0.13958333333333334 0.0484375 0.18958333333333333
18 0.46171875 0.7895833333333333 0.0359375 0.029166666666666667
74 0.55546875 0.7770833333333333 0.06875 0.10625
72 0.7765625 0.321875 0.06875 0.2
72 0.54609375 0.7041666666666667 0.0078125 0.008333333333333333
72 0.503125 0.6958333333333333 0.00625 0.022916666666666665
72 0.2390625 0.2125 0.0359375 0.12291666666666666
18 0.3828125 0.8166666666666667 0.0296875 0.027083333333333334
18 0.4078125 0.8239583333333333 0.015625 0.05416666666666667
18 0.734375 0.8166666666666667 0.0609375 0.052083333333333336
18 0.68984375 0.8177083333333334 0.05625 0.04375
18 0.36796875 0.8322916666666667 0.0734375 0.07083333333333333
18 0.6609375 0.803125 0.0328125 0.05625
72 0.296875 0.209375 0.040625 0.14583333333333334
72 0.2625 0.21354166666666666 0.021875 0.12083333333333333
72 0.59453125 0.6333333333333333 0.01875 0.05