22 0.8484375 0.2791666666666667 0.1328125 0.2125
25 0.64296875 0.19375 0.2953125 0.38125
25 0.31796875 0.20833333333333334 0.19375 0.34791666666666665
31 0.90234375 0.46041666666666664 0.1953125 0.11458333333333333
40 0.91640625 0.5260416666666666 0.1671875 0.08333333333333333
49 0.49375 0.646875 0.6609375 0.6375
48 0.2484375 0.14791666666666667 0.3328125 0.29375
31 0.85546875 0.4979166666666667 0.0453125 0.03333333333333333
22 0.9390625 0.3625 0.1078125 0.13958333333333334
26 0.8421875 0.2 0.3140625 0.07708333333333334
26 0.5 0.6427083333333333 1 0.7145833333333333