39 0.24921875 0.5847058823529412 0.1546875 0.4023529411764706
39 0.39765625 0.6035294117647059 0.171875 0.38588235294117645
39 0.53515625 0.5729411764705883 0.1984375 0.4
39 0.67421875 0.548235294117647 0.1046875 0.28
39 0.1078125 0.5247058823529411 0.1234375 0.23058823529411765
39 0.84765625 0.5529411764705883 0.0828125 0.2023529411764706
39 0.9546875 0.49058823529411766 0.0875 0.1952941176470588
39 0.4390625 0.45176470588235296 0.0671875 0.15294117647058825
48 0.228125 0.5552941176470588 0.0796875 0.37176470588235294
48 0.275 0.48823529411764705 0.059375 0.33647058823529413
48 0.3921875 0.5329411764705883 0.053125 0.3341176470588235
48 0.44296875 0.49176470588235294 0.046875 0.30117647058823527
48 0.51015625 0.49529411764705883 0.0765625 0.3835294117647059
48 0.584375 0.5211764705882352 0.078125 0.35058823529411764
48 0.6265625 0.48 0.0421875 0.28941176470588237
48 0.70390625 0.5035294117647059 0.0765625 0.3270588235294118
48 0.7828125 0.5117647058823529 0.0546875 0.3035294117647059
48 0.134375 0.5458823529411765 0.0765625 0.4
48 0.09375 0.38823529411764707 0.0359375 0.14352941176470588
2 0.58125 0.4235294117647059 0.0453125 0.03764705882352941
39 0.27109375 0.3952941176470588 0.071875 0.09176470588235294
39 0.31171875 0.6294117647058823 0.0578125 0.22823529411764706
39 0.90703125 0.4211764705882353 0.05625 0.18588235294117647
39 0.07109375 0.6470588235294118 0.140625 0.4047058823529412
48 0.5484375 0.45529411764705885 0.0328125 0.1952941176470588
2 0.61640625 0.4011764705882353 0.00625 0.05411764705882353
48 0.86484375 0.5094117647058823 0.06875 0.2611764705882353