9 0.71171875 0.7622549019607843 0.3578125 0.35294117647058826
18 0.49765625 0.28308823529411764 0.2171875 0.3161764705882353
18 0.2578125 0.19730392156862744 0.1625 0.20098039215686275
18 0.353125 0.11764705882352941 0.159375 0.18872549019607843
18 0.56640625 0.07107843137254902 0.0484375 0.09803921568627451
48 0.6734375 0.6384803921568627 0.165625 0.6274509803921569
48 0.9046875 0.2340686274509804 0.0640625 0.3112745098039216
2 0.69921875 0.5674019607843137 0.1015625 0.13725490196078433
48 0.32265625 0.058823529411764705 0.0328125 0.04656862745098039
48 0.2421875 0.056372549019607844 0.0234375 0.02696078431372549
18 0.8328125 0.09558823529411764 0.0515625 0.08823529411764706
74 0.1015625 0.22303921568627452 0.203125 0.36519607843137253
18 0.7015625 0.1053921568627451 0.034375 0.14215686274509803
18 0.5734375 0.17279411764705882 0.0609375 0.11029411764705882
18 0.8421875 0.6801470588235294 0.315625 0.3161764705882353
18 0.48828125 0.06495098039215687 0.1171875 0.12990196078431374
18 0.8828125 0.8529411764705882 0.234375 0.29411764705882354
18 0.2515625 0.05759803921568627 0.0890625 0.0857843137254902
21 0.89375 0.11151960784313726 0.003125 0.007352941176470588
18 0.1625 0.06372549019607843 0.03125 0.051470588235294115
74 0.49609375 0.0661764705882353 0.1234375 0.12990196078431374
48 0.88359375 0.05514705882352941 0.028125 0.11029411764705882