48 0.698 0.528 0.292 0.92
48 0.209 0.536 0.34 0.928
48 0.48 0.556 0.25 0.888
48 0.785 0.12 0.112 0.24
48 0.89 0.10666666666666667 0.092 0.21333333333333335
48 0.153 0.23466666666666666 0.156 0.456
8 0.494 0.6506666666666666 0.802 0.6773333333333333
8 0.878 0.19333333333333333 0.102 0.20533333333333334
25 0.641 0.38 0.062 0.13866666666666666
25 0.233 0.2653333333333333 0.06 0.12
35 0.663 0.648 0.096 0.256
35 0.086 0.10533333333333333 0.052 0.18933333333333333
48 0.304 0.13466666666666666 0.094 0.2693333333333333
8 0.59 0.24533333333333332 0.028 0.16533333333333333
48 0.105 0.8306666666666667 0.21 0.2853333333333333
48 0.962 0.09866666666666667 0.07 0.19733333333333333