13 0.871875 0.5875 0.12916666666666668 0.346875
22 0.08020833333333334 0.4734375 0.15833333333333333 0.284375
22 0.878125 0.44609375 0.08125 0.103125
22 0.14791666666666667 0.74140625 0.28541666666666665 0.5171875
48 0.384375 0.48984375 0.50625 0.7953125
48 0.73125 0.40546875 0.21041666666666667 0.1875
48 0.07395833333333333 0.296875 0.14375 0.103125
61 0.86875 0.8546875 0.2625 0.0890625
13 0.6645833333333333 0.384375 0.01875 0.0265625
48 0.8489583333333334 0.409375 0.09166666666666666 0.140625
22 0.7260416666666667 0.44609375 0.22916666666666666 0.146875
22 0.9510416666666667 0.46484375 0.06041666666666667 0.10625
22 0.7270833333333333 0.57890625 0.2125 0.140625
26 0.6333333333333333 0.840625 0.7333333333333333 0.31875
75 0.228125 0.228125 0.19375 0.0890625
14 0.7020833333333333 0.8375 0.5958333333333333 0.1953125
14 0.6864583333333333 0.67109375 0.27291666666666664 0.084375
21 0.5125 0.71640625 0.22291666666666668 0.0578125