37 0.2421875 0.4168618266978923 0.128125 0.10070257611241218
37 0.2765625 0.4672131147540984 0.10625 0.07962529274004684
37 0.30390625 0.47892271662763464 0.1078125 0.07962529274004684
37 0.575 0.4894613583138173 0.1078125 0.07259953161592506
37 0.33828125 0.5175644028103045 0.1015625 0.08196721311475409
37 0.40703125 0.5491803278688525 0.103125 0.08899297423887588
37 0.69140625 0.5245901639344263 0.109375 0.09133489461358314
37 0.4296875 0.5562060889929742 0.1140625 0.08899297423887588
37 0.31328125 0.5058548009367682 0.1 0.08665105386416862
37 0.56171875 0.6088992974238876 0.1171875 0.10304449648711944
37 0.484375 0.5878220140515222 0.109375 0.09133489461358314
13 0.02421875 0.3360655737704918 0.0484375 0.2529274004683841
37 0.5390625 0.585480093676815 0.1078125 0.10070257611241218
37 0.5890625 0.6405152224824356 0.1078125 0.09133489461358314