22 0.45234375 0.3644859813084112 0.14375 0.1705607476635514
26 0.43671875 0.6810747663551402 0.5296875 0.6051401869158879
48 0.30859375 0.30957943925233644 0.184375 0.4135514018691589
48 0.675 0.5876168224299065 0.3640625 0.6892523364485982
48 0.84921875 0.3282710280373832 0.096875 0.21495327102803738
25 0.46953125 0.5245327102803738 0.0390625 0.056074766355140186
14 0.36171875 0.5514018691588785 0.1359375 0.0630841121495327
78 0.47109375 0.49883177570093457 0.0421875 0.1939252336448598
78 0.4625 0.4252336448598131 0.0375 0.1705607476635514
78 0.60625 0.4182242990654206 0.0484375 0.21962616822429906
48 0.92109375 0.5210280373831776 0.1515625 0.4883177570093458
78 0.6828125 0.4053738317757009 0.0390625 0.08878504672897196
14 0.40546875 0.4602803738317757 0.1078125 0.06074766355140187
14 0.55625 0.42406542056074764 0.0609375 0.04439252336448598
14 0.5953125 0.5408878504672897 0.0453125 0.035046728971962614
14 0.840625 0.42289719626168226 0.0203125 0.03271028037383177
22 0.96484375 0.4053738317757009 0.021875 0.12383177570093458
22 0.20859375 0.4357476635514019 0.046875 0.17523364485981308
22 0.13671875 0.7488317757009346 0.2734375 0.5