49 0.3235294117647059 0.8586601307189542 0.17320261437908496 0.06535947712418301
46 0.39705882352941174 0.8790849673202614 0.20098039215686275 0.2238562091503268
48 0.1968954248366013 0.7393790849673203 0.32189542483660133 0.41830065359477125
48 0.7483660130718954 0.7761437908496732 0.06699346405228758 0.16339869281045752
48 0.8415032679738562 0.2581699346405229 0.30392156862745096 0.47875816993464054
48 0.8455882352941176 0.8464052287581699 0.08823529411764706 0.26633986928104575
48 0.3480392156862745 0.2565359477124183 0.29901960784313725 0.4950980392156863
48 0.8218954248366013 0.8308823529411765 0.05392156862745098 0.2434640522875817
48 0.03431372549019608 0.7908496732026143 0.058823529411764705 0.3382352941176471
13 0.30800653594771243 0.6674836601307189 0.03104575163398693 0.07516339869281045
13 0.27941176470588236 0.6756535947712419 0.017973856209150325 0.05718954248366013
13 0.7099673202614379 0.826797385620915 0.0196078431372549 0.0457516339869281
48 0.12254901960784313 0.6372549019607843 0.04084967320261438 0.04738562091503268
48 0.23937908496732027 0.2687908496732026 0.1503267973856209 0.4526143790849673
13 0.3366013071895425 0.6740196078431373 0.024509803921568627 0.05392156862745098
26 0.9591503267973857 0.9468954248366013 0.05392156862745098 0.08496732026143791