13 0.846875 0.6666666666666666 0.0375 0.07916666666666666
13 0.1515625 0.43125 0.0296875 0.11875
13 0.46015625 0.20520833333333333 0.00625 0.035416666666666666
13 0.4328125 0.33541666666666664 0.009375 0.03958333333333333
13 0.50703125 0.334375 0.0078125 0.03333333333333333
13 0.52421875 0.325 0.0125 0.04583333333333333
13 0.7 0.33645833333333336 0.034375 0.11041666666666666
48 0.140625 0.5791666666666667 0.2796875 0.5604166666666667
48 0.1515625 0.3614583333333333 0.1265625 0.11875
48 0.26484375 0.32395833333333335 0.0921875 0.24166666666666667
48 0.3859375 0.3875 0.103125 0.1625
25 0.83984375 0.840625 0.0953125 0.17083333333333334
41 0.31171875 0.559375 0.1375 0.22916666666666666
44 0.3203125 0.6625 0.04375 0.0375
78 0.1421875 0.4041666666666667 0.0234375 0.04583333333333333
78 0.2296875 0.42083333333333334 0.0234375 0.0625
78 0.184375 0.403125 0.025 0.03125
78 0.16875 0.5104166666666666 0.0484375 0.13125
25 0.35859375 0.6510416666666666 0.0703125 0.1
25 0.21015625 0.5020833333333333 0.0359375 0.058333333333333334
25 0.5125 0.51875 0.034375 0.052083333333333336
49 0.92109375 0.7552083333333334 0.0984375 0.05416666666666667
41 0.15625 0.4739583333333333 0.1265625 0.14166666666666666
41 0.9078125 0.634375 0.184375 0.23958333333333334
41 0.58984375 0.509375 0.1375 0.10833333333333334
44 0.7921875 0.6354166666666666 0.0421875 0.05
21 0.1421875 0.5625 0.0390625 0.025
56 0.4765625 0.35 0.0546875 0.014583333333333334
13 0.4671875 0.2125 0.0078125 0.025
13 0.715625 0.3572916666666667 0.03125 0.08333333333333333
25 0.19296875 0.53125 0.0421875 0.07708333333333334
22 0.7625 0.5114583333333333 0.1546875 0.1375
22 0.44140625 0.44166666666666665 0.0328125 0.1
22 0.05859375 0.89375 0.1171875 0.20208333333333334
22 0.1875 0.9666666666666667 0.20625 0.06666666666666667
44 0.11953125 0.5104166666666666 0.0109375 0.0020833333333333333
51 0.62421875 0.3416666666666667 0.06875 0.25
41 0.5515625 0.7479166666666667 0.38125 0.4125
48 0.884375 0.48541666666666666 0.23125 0.31875