36 0.63671875 0.6944444444444444 0.140625 0.18162393162393162
36 0.553125 0.7361111111111112 0.1375 0.1987179487179487
36 0.478125 0.7307692307692307 0.0765625 0.202991452991453
48 0.74765625 0.6452991452991453 0.04375 0.11538461538461539
48 0.71484375 0.6303418803418803 0.034375 0.14102564102564102
36 0.41171875 0.6762820512820513 0.0984375 0.16666666666666666
36 0.175 0.7136752136752137 0.0953125 0.21153846153846154
36 0.20234375 0.6410256410256411 0.0328125 0.07692307692307693
36 0.25078125 0.717948717948718 0.09375 0.22008547008547008
36 0.33203125 0.7478632478632479 0.1984375 0.22435897435897437
36 0.5859375 0.6944444444444444 0.075 0.1858974358974359