13 0.7046875 0.234375 0.109375 0.4666666666666667
13 0.859375 0.2791666666666667 0.1609375 0.5541666666666667
48 0.43203125 0.15520833333333334 0.5796875 0.3020833333333333
25 0.13828125 0.453125 0.1953125 0.37916666666666665
25 0.771875 0.2875 0.0546875 0.30416666666666664
31 0.06640625 0.8072916666666666 0.1296875 0.38125
49 0.40078125 0.37395833333333334 0.5125 0.24583333333333332
49 0.5640625 0.7083333333333334 0.871875 0.5020833333333333
26 0.5015625 0.7041666666666667 0.9953125 0.56875
31 0.2015625 0.171875 0.04375 0.13125
40 0.0015084234375 0.0013444875 0.0001081546875 0.00030694375