13 0.247 0.3466666666666667 0.162 0.36533333333333334
13 0.423 0.236 0.168 0.352
28 0.649 0.8986666666666666 0.094 0.088
28 0.29 0.8973333333333333 0.098 0.13066666666666665
28 0.396 0.796 0.116 0.14666666666666667
28 0.517 0.7386666666666667 0.124 0.14133333333333334
28 0.747 0.86 0.112 0.15733333333333333
28 0.00103982 0.002498952 0.00022403999999999998 0.00033543200000000004
28 0.543 0.8733333333333333 0.11 0.128
28 0.42 0.9506666666666667 0.098 0.072
28 0.813 0.9173333333333333 0.124 0.16533333333333333
28 0.242 0.948 0.13 0.104
28 0.609 0.8186666666666667 0.094 0.10133333333333333
28 0.469 0.8573333333333333 0.082 0.12533333333333332
28 0.331 0.8826666666666667 0.086 0.144