48 0.329 0.37544483985765126 0.196 0.49466192170818507
48 0.654 0.5907473309608541 0.234 0.8185053380782918
13 0.381 0.6654804270462633 0.05 0.35587188612099646
13 0.656 0.6672597864768683 0.046 0.34519572953736655
13 0.522 0.6725978647686833 0.05 0.3416370106761566
13 0.569 0.6672597864768683 0.05 0.35231316725978645
13 0.622 0.6725978647686833 0.05 0.35231316725978645
13 0.508 0.5622775800711743 0.014 0.09608540925266904
78 0.146 0.7313167259786477 0.056 0.23843416370106763
78 0.205 0.7295373665480427 0.056 0.23487544483985764
78 0.255 0.6779359430604982 0.052 0.13523131672597866
78 0.71 0.7330960854092526 0.042 0.21708185053380782
78 0.78 0.7313167259786477 0.046 0.21352313167259787
78 0.739 0.7330960854092526 0.028 0.21708185053380782
78 0.832 0.7313167259786477 0.048 0.2206405693950178
78 0.879 0.693950177935943 0.032 0.1423487544483986
78 0.942 0.6779359430604982 0.024 0.10320284697508897
78 0.814 0.7473309608540926 0.024 0.18505338078291814
78 0.985 0.7277580071174378 0.03 0.20640569395017794
78 0.352 0.6797153024911032 0.024 0.12811387900355872
77 0.295 0.7135231316725978 0.084 0.26334519572953735
77 0.913 0.7135231316725978 0.08 0.24555160142348753
13 0.574 0.6761565836298933 0.06 0.3487544483985765
13 0.639 0.5569395017793595 0.02 0.1103202846975089
78 0.327 0.6743772241992882 0.028 0.11387900355871886
13 0.434 0.6868327402135231 0.052 0.3238434163701068
13 0.479 0.6619217081850534 0.046 0.38434163701067614