68 0.56875 0.4930555555555556 0.03125 0.1361111111111111
68 0.7234375 0.37916666666666665 0.0140625 0.08055555555555556
68 0.2046875 0.7138888888888889 0.075 0.3416666666666667
21 0.57890625 0.7763888888888889 0.059375 0.06666666666666667
26 0.58515625 0.8263888888888888 0.8296875 0.3194444444444444
48 0.578125 0.45416666666666666 0.3171875 0.5055555555555555
48 0.79140625 0.5069444444444444 0.228125 0.44166666666666665
48 0.3390625 0.5444444444444444 0.184375 0.49166666666666664
48 0.14765625 0.6180555555555556 0.2875 0.7388888888888889
25 0.6203125 0.8819444444444444 0.034375 0.1111111111111111
31 0.3609375 0.8125 0.0671875 0.04722222222222222
61 0.48671875 0.7222222222222222 0.0390625 0.041666666666666664
61 0.775 0.7944444444444444 0.0859375 0.03333333333333333
17 0.7453125 0.8972222222222223 0.1421875 0.20555555555555555
35 0.95 0.37777777777777777 0.1 0.175
78 0.659375 0.6916666666666667 0.0453125 0.18333333333333332
78 0.70859375 0.7166666666666667 0.046875 0.17222222222222222
25 0.28515625 0.8541666666666666 0.084375 0.09444444444444444
25 0.5796875 0.6902777777777778 0.0484375 0.08611111111111111
25 0.7875 0.7041666666666667 0.0578125 0.08055555555555556
25 0.40546875 0.9416666666666667 0.0671875 0.11666666666666667
61 0.31796875 0.9680555555555556 0.028125 0.04722222222222222
22 0.23671875 0.5291666666666667 0.0609375 0.07222222222222222
22 0.440625 0.5166666666666667 0.0234375 0.13333333333333333
22 0.67109375 0.5652777777777778 0.03125 0.11666666666666667
78 0.9 0.7986111111111112 0.0609375 0.21388888888888888
78 0.53828125 0.7597222222222222 0.0515625 0.20555555555555555
78 0.40625 0.9138888888888889 0.0703125 0.17222222222222222
78 0.97421875 0.8180555555555555 0.046875 0.15555555555555556
78 0.83125 0.7625 0.0625 0.20833333333333334
22 0.0078125 0.6166666666666667 0.0140625 0.027777777777777776
22 0.00546875 0.6583333333333333 0.009375 0.058333333333333334
78 0.43046875 0.8333333333333334 0.053125 0.17222222222222222
78 0.4890625 0.9722222222222222 0.0265625 0.05555555555555555
78 0.471875 0.8111111111111111 0.040625 0.16111111111111112
48 0.7734375 0.4027777777777778 0.2484375 0.5361111111111111