24 0.44453125 0.7653301886792453 0.121875 0.16273584905660377
24 0.41015625 0.6851415094339622 0.1078125 0.15330188679245282
24 0.55 0.6627358490566038 0.1984375 0.21462264150943397
24 0.43515625 0.6285377358490566 0.0796875 0.08018867924528301
18 0.7953125 0.7299528301886793 0.409375 0.5023584905660378
43 0.1609375 0.6073113207547169 0.0984375 0.10849056603773585
48 0.1265625 0.5636792452830188 0.028125 0.07075471698113207
48 0.153125 0.5813679245283019 0.034375 0.1179245283018868
24 0.4765625 0.6827830188679245 0.0578125 0.09198113207547169
48 0.0359375 0.5577830188679245 0.0203125 0.09905660377358491
48 0.09140625 0.527122641509434 0.0109375 0.04245283018867924
48 0.08046875 0.5200471698113207 0.009375 0.02358490566037736
43 0.11328125 0.5530660377358491 0.015625 0.04009433962264151
24 0.3359375 0.6910377358490566 0.096875 0.08018867924528301
48 0.1125 0.5306603773584906 0.01875 0.03537735849056604
24 0.53671875 0.7205188679245284 0.1046875 0.10849056603773585
48 0.0546875 0.5683962264150944 0.021875 0.08962264150943396