43 0.51796875 0.41875 0.934375 0.4895833333333333
43 0.0014240484375 0.0006787541666666666 0.0002769046875 0.00020299583333333333
48 0.10859375 0.22291666666666668 0.078125 0.17291666666666666
48 0.2375 0.20729166666666668 0.0703125 0.12708333333333333
48 0.9109375 0.28958333333333336 0.0375 0.05625
48 0.53671875 0.25 0.0328125 0.06041666666666667
48 0.47734375 0.22916666666666666 0.059375 0.052083333333333336
48 0.5921875 0.27395833333333336 0.028125 0.07708333333333334
48 0.1703125 0.203125 0.06875 0.13125
48 0.44609375 0.196875 0.03125 0.029166666666666667
48 0.58203125 0.25833333333333336 0.0328125 0.09375
48 0.7390625 0.2791666666666667 0.046875 0.10416666666666667
48 0.71171875 0.26979166666666665 0.03125 0.052083333333333336
48 0.7984375 0.290625 0.0359375 0.07708333333333334