48 0.54453125 0.4791666666666667 0.0578125 0.1125
48 0.60859375 0.5322916666666667 0.0453125 0.17291666666666666
48 0.19765625 0.45416666666666666 0.034375 0.07083333333333333
48 0.321875 0.48333333333333334 0.0578125 0.17291666666666666
14 0.47578125 0.58125 0.0421875 0.025
14 0.2234375 0.6072916666666667 0.065625 0.05
14 0.21015625 0.5770833333333333 0.059375 0.0375
56 0.43515625 0.6604166666666667 0.103125 0.058333333333333334
56 0.709375 0.565625 0.0765625 0.016666666666666666
48 0.71796875 0.44895833333333335 0.03125 0.06458333333333334
14 0.6671875 0.6135416666666667 0.0671875 0.05
14 0.45078125 0.56875 0.04375 0.020833333333333332
48 0.3671875 0.5291666666666667 0.128125 0.22916666666666666