0 0.14479166666666668 0.24765625 0.2833333333333333 0.1703125
48 0.36770833333333336 0.67265625 0.07291666666666667 0.203125
48 0.8260416666666667 0.64375 0.09375 0.1640625
48 0.725 0.625 0.09375 0.1078125
64 0.8802083333333334 0.9015625 0.16875 0.1375
64 0.8364583333333333 0.7859375 0.1625 0.121875
74 0.15729166666666666 0.41640625 0.3145833333333333 0.15625
64 0.6791666666666667 0.65546875 0.26458333333333334 0.18125
48 0.515625 0.6046875 0.07708333333333334 0.16875
74 0.7833333333333333 0.83828125 0.43333333333333335 0.3234375
74 0.659375 0.56171875 0.6729166666666667 0.2921875