13 0.23671875 0.49067599067599066 0.0125 0.055944055944055944
75 0.625 0.3974358974358974 0.1 0.09557109557109557
40 0.28125 0.4662004662004662 0.01875 0.030303030303030304
40 0.265625 0.4533799533799534 0.0171875 0.030303030303030304
61 0.72734375 0.16433566433566432 0.0453125 0.17715617715617715
14 0.3015625 0.5955710955710956 0.040625 0.023310023310023312
14 0.30078125 0.6305361305361306 0.040625 0.02564102564102564
3 0.51171875 0.5571095571095571 0.0375 0.03496503496503497
42 0.11484375 0.6386946386946387 0.2265625 0.6876456876456877
46 0.1171875 0.8403263403263403 0.221875 0.28205128205128205
40 0.27265625 0.4522144522144522 0.01875 0.030303030303030304
40 0.27421875 0.4627039627039627 0.01875 0.027972027972027972
14 0.29921875 0.6037296037296037 0.04375 0.018648018648018648
13 0.246875 0.48951048951048953 0.0109375 0.06060606060606061
14 0.3015625 0.6188811188811189 0.0390625 0.016317016317016316
61 0.775 0.18298368298368298 0.0671875 0.1864801864801865
61 0.8703125 0.18181818181818182 0.1015625 0.23543123543123542