78 0.8676814988290398 0.19140625 0.05152224824355972 0.1078125
13 0.585480093676815 0.61875 0.06557377049180328 0.1609375
13 0.6498829039812647 0.6203125 0.06557377049180328 0.171875
13 0.7096018735362998 0.61953125 0.0702576112412178 0.165625
13 0.9566744730679156 0.6109375 0.0702576112412178 0.134375
13 0.8594847775175644 0.4734375 0.053864168618266976 0.134375
13 0.8875878220140515 0.64296875 0.08196721311475409 0.178125
13 0.6440281030444965 0.415625 0.0468384074941452 0.0828125
13 0.6967213114754098 0.45390625 0.053864168618266976 0.125
13 0.7599531615925058 0.44765625 0.0585480093676815 0.1171875
13 0.8711943793911007 0.54609375 0.0351288056206089 0.1453125
13 0.8091334894613583 0.45625 0.053864168618266976 0.13125
13 0.8548009367681498 0.5578125 0.03747072599531616 0.1640625
13 0.4484777517564403 0.61796875 0.04215456674473068 0.1046875