9 0.47890625 0.5715962441314554 0.0859375 0.07981220657276995
18 0.8484375 0.5809859154929577 0.2484375 0.1267605633802817
48 0.44453125 0.5305164319248826 0.028125 0.07746478873239436
48 0.71484375 0.6208920187793427 0.071875 0.20422535211267606
48 0.60390625 0.5586854460093896 0.0359375 0.12910798122065728
48 0.47890625 0.5539906103286385 0.040625 0.11032863849765258
48 0.42890625 0.5152582159624414 0.009375 0.046948356807511735
76 0.7390625 0.5152582159624414 0.0890625 0.056338028169014086
76 0.6265625 0.5352112676056338 0.0703125 0.06572769953051644
48 0.61796875 0.6220657276995305 0.065625 0.19483568075117372
48 0.49140625 0.5422535211267606 0.01875 0.06338028169014084
9 0.53359375 0.5692488262910798 0.028125 0.04929577464788732
76 0.4703125 0.4964788732394366 0.0296875 0.01643192488262911
9 0.2 0.9248826291079812 0.246875 0.15023474178403756