63 0.198 0.20262390670553937 0.304 0.30903790087463556
18 0.426 0.8746355685131195 0.834 0.18658892128279883
18 0.308 0.7303206997084548 0.192 0.09912536443148688
18 0.536 0.7099125364431487 0.106 0.09329446064139942
18 0.646 0.6967930029154519 0.084 0.09329446064139942
18 0.671 0.6778425655976676 0.094 0.09912536443148688
18 0.805 0.6311953352769679 0.07 0.04664723032069971
18 0.898 0.6603498542274052 0.066 0.09037900874635568
18 0.887 0.6020408163265306 0.054 0.03206997084548105
18 0.786 0.7667638483965015 0.19 0.21282798833819241
18 0.47 0.706997084548105 0.088 0.11078717201166181
18 0.556 0.7055393586005831 0.102 0.11370262390670553
18 0.386 0.7084548104956269 0.184 0.16909620991253643
18 0.729 0.619533527696793 0.038 0.026239067055393587