27 0.82578125 0.671875 0.0484375 0.11458333333333333
74 0.584375 0.4041666666666667 0.446875 0.31875
35 0.31796875 0.5614583333333333 0.053125 0.05416666666666667
35 0.9140625 0.46145833333333336 0.0296875 0.05
48 0.33671875 0.5854166666666667 0.071875 0.38125
48 0.51875 0.5875 0.09375 0.43333333333333335
48 0.65390625 0.5791666666666667 0.0703125 0.40208333333333335
48 0.615625 0.49583333333333335 0.0484375 0.17291666666666666
48 0.73359375 0.5552083333333333 0.071875 0.30416666666666664
48 0.853125 0.496875 0.0421875 0.18333333333333332
48 0.2046875 0.565625 0.078125 0.4270833333333333
48 0.921875 0.5270833333333333 0.0734375 0.25833333333333336
48 0.98203125 0.5229166666666667 0.0359375 0.2625
48 0.48359375 0.6677083333333333 0.03125 0.12083333333333333
74 0.15859375 0.43125 0.3171875 0.6833333333333333
48 0.41171875 0.60625 0.0734375 0.31875
35 0.8734375 0.49375 0.021875 0.03958333333333333
48 0.48671875 0.503125 0.0390625 0.19791666666666666
10 0.15703125 0.5270833333333333 0.01875 0.04375