48 0.0625 0.16393442622950818 0.125 0.2927400468384075
48 0.31171875 0.11124121779859485 0.0546875 0.0585480093676815
48 0.05625 0.8149882903981265 0.078125 0.08430913348946135
48 0.4609375 0.07494145199063232 0.1125 0.13817330210772832
76 0.38125 0.8348946135831382 0.3828125 0.33021077283372363
76 0.246875 0.45784543325526933 0.2640625 0.2810304449648712
76 0.48515625 0.5035128805620609 0.2453125 0.3161592505854801
22 0.06875 0.9192037470725996 0.1375 0.16159250585480095
22 0.1921875 0.892271662763466 0.1546875 0.20608899297423888
22 0.4921875 0.6264637002341921 0.134375 0.11943793911007025
22 0.6875 0.7306791569086651 0.1609375 0.11475409836065574
22 0.684375 0.6487119437939111 0.1359375 0.08196721311475409
22 0.71796875 0.6405152224824356 0.140625 0.20140515222482436
22 0.88359375 0.8430913348946136 0.1828125 0.2927400468384075
22 0.9171875 0.6381733021077284 0.14375 0.07728337236533958
48 0.90703125 0.02224824355971897 0.059375 0.04449648711943794
48 0.5921875 0.05503512880562061 0.0921875 0.11007025761124122
48 0.2171875 0.21779859484777517 0.0359375 0.03747072599531616
76 0.0609375 0.42505854800936765 0.121875 0.27400468384074944
76 0.365625 0.18384074941451992 0.1796875 0.12412177985948478
76 0.55859375 0.1873536299765808 0.171875 0.15690866510538642
76 0.7375 0.22014051522248243 0.1578125 0.1686182669789227
76 0.82109375 0.12646370023419204 0.21875 0.11241217798594848
76 0.84140625 0.4344262295081967 0.2875 0.2107728337236534
76 0.37265625 0.3231850117096019 0.25 0.1686182669789227
76 0.58515625 0.40398126463700235 0.1 0.14754098360655737
76 0.95234375 0.33138173302107726 0.0953125 0.2154566744730679
22 0.0671875 0.7400468384074942 0.1265625 0.20374707259953162
22 0.2453125 0.7271662763466042 0.15 0.13114754098360656
22 0.47109375 0.7014051522248244 0.16875 0.1686182669789227
22 0.69296875 0.8758782201405152 0.171875 0.2388758782201405
48 0.09765625 0.31733021077283374 0.0828125 0.09836065573770492
48 0.76015625 0.03161592505854801 0.046875 0.03044496487119438
48 0.228125 0.5480093676814989 0.065625 0.0936768149882904
48 0.1046875 0.6487119437939111 0.14375 0.2857142857142857
22 0.24921875 0.6498829039812647 0.1515625 0.05620608899297424