48 0.38046875 0.9028103044496487 0.11875 0.16393442622950818
48 0.1875 0.870023419203747 0.165625 0.25995316159250587
48 0.5265625 0.9789227166276346 0.0359375 0.04215456674473068
39 0.465625 0.34192037470725994 0.2140625 0.06557377049180328
39 0.19375 0.6451990632318502 0.0265625 0.02107728337236534
39 0.2203125 0.22716627634660422 0.015625 0.02107728337236534
39 0.19609375 0.40749414519906324 0.0421875 0.0117096018735363
39 0.78125 0.5843091334894613 0.025 0.04215456674473068
39 0.834375 0.7950819672131147 0.01875 0.01873536299765808
39 0.81015625 0.7763466042154566 0.03125 0.0234192037470726
39 0.9125 0.797423887587822 0.03125 0.03044496487119438
39 0.4875 0.7177985948477752 0.08125 0.03747072599531616
39 0.51796875 0.7306791569086651 0.034375 0.0117096018735363
39 0.52734375 0.7482435597189696 0.103125 0.04215456674473068
39 0.7328125 0.8477751756440282 0.034375 0.02107728337236534
39 0.5 0.12412177985948478 0.1140625 0.03981264637002342