31 0.1078125 0.8169014084507042 0.215625 0.3075117370892019
14 0.88125 0.7147887323943662 0.2375 0.5446009389671361
14 0.00083670625 0.0020889272300469485 0.0006684328125 0.0005169835680751174
45 0.59609375 0.7922535211267606 0.1484375 0.20892018779342722
45 0.96171875 0.6948356807511737 0.071875 0.24178403755868544
45 0.63984375 0.9401408450704225 0.165625 0.11971830985915492
45 0.50703125 0.9225352112676056 0.1421875 0.15492957746478872
45 0.8640625 0.7523474178403756 0.1484375 0.20187793427230047
28 0.5421875 0.4612676056338028 0.384375 0.43896713615023475
26 0.49921875 0.49413145539906106 0.9953125 0.9859154929577465
1 0.88984375 0.6549295774647887 0.09375 0.04929577464788732
45 0.97421875 0.8708920187793427 0.0515625 0.10093896713615023