20 0.7666666666666667 0.3265625 0.20416666666666666 0.134375
26 0.5 0.8515625 0.99375 0.2921875
25 0.0013871520833333333 0.0014764531250000001 0.00047769166666666667 0.0001720953125
40 0.2760416666666667 0.83046875 0.3729166666666667 0.0953125
48 0.6635416666666667 0.19921875 0.03125 0.0546875
48 0.625 0.2078125 0.035416666666666666 0.0421875
48 0.5958333333333333 0.2078125 0.029166666666666667 0.0453125
48 0.3104166666666667 0.24453125 0.08125 0.203125
14 0.859375 0.9109375 0.23333333333333334 0.15625
14 0.19270833333333334 0.290625 0.035416666666666666 0.0140625
22 0.034375 0.621875 0.06875 0.2109375
22 0.6625 0.4578125 0.04791666666666667 0.1734375
26 0.21458333333333332 0.346875 0.15208333333333332 0.1328125
48 0.353125 0.4484375 0.6479166666666667 0.7078125
25 0.20104166666666667 0.27734375 0.03125 0.0203125
22 0.28958333333333336 0.309375 0.12291666666666666 0.1078125