15 0.8622129436325678 0.46171875 0.2609603340292276 0.171875
15 0.6649269311064718 0.63828125 0.19206680584551147 0.1546875
15 0.3903966597077244 0.45859375 0.24425887265135698 0.184375
15 0.19102296450939457 0.7 0.3757828810020877 0.2625
15 0.4373695198329854 0.69140625 0.20876826722338204 0.1484375
15 0.6388308977035491 0.4984375 0.24634655532359082 0.13125
15 0.8997912317327766 0.59609375 0.19206680584551147 0.1421875
15 0.9091858037578288 0.7609375 0.17954070981210857 0.19375
15 0.6711899791231732 0.77421875 0.3089770354906054 0.1765625
15 0.5010438413361169 0.34921875 0.9979123173277662 0.6984375
19 0.8340292275574113 0.04375 0.027139874739039668 0.0171875
19 0.5741127348643006 0.03359375 0.06471816283924843 0.0484375
19 0.8590814196242171 0.0421875 0.027139874739039668 0.0234375
19 0.9384133611691023 0.04140625 0.037578288100208766 0.01875
19 0.767223382045929 0.0234375 0.081419624217119 0.0328125
19 0.7933194154488518 0.04296875 0.025052192066805846 0.0203125
19 0.6492693110647182 0.03984375 0.016701461377870562 0.0203125
19 0.8883089770354906 0.01953125 0.027139874739039668 0.0390625