48 0.25078125 0.4964871194379391 0.4859375 0.594847775175644
29 0.66484375 0.5995316159250585 0.403125 0.6955503512880562
29 0.4515625 0.7330210772833724 0.1390625 0.22482435597189696
29 0.5578125 0.7693208430913349 0.1 0.18032786885245902
29 0.8875 0.8126463700234192 0.1078125 0.11007025761124122
29 0.9078125 0.765807962529274 0.0875 0.20843091334894615
29 0.64140625 0.667447306791569 0.109375 0.10070257611241218
29 0.54140625 0.6475409836065574 0.11875 0.117096018735363
35 0.08125 0.5714285714285714 0.134375 0.1405152224824356
29 0.7609375 0.7622950819672131 0.184375 0.22716627634660422
29 0.30625 0.6592505854800936 0.14375 0.15690866510538642
29 0.56953125 0.5971896955503513 0.0484375 0.053864168618266976
29 0.3296875 0.563231850117096 0.0671875 0.0702576112412178
29 0.43359375 0.6147540983606558 0.06875 0.05620608899297424