13 0.3048048048048048 0.584 0.3063063063063063 0.238
48 0.46996996996997 0.482 0.93993993993994 0.744
78 0.6981981981981982 0.916 0.19519519519519518 0.132
40 0.0028637207207207207 0.0018501799999999999 0.00027856756756756756 0.00029964
26 0.6981981981981982 0.927 0.3843843843843844 0.146
78 0.4219219219219219 0.949 0.23423423423423423 0.07
78 0.47297297297297297 0.727 0.15615615615615616 0.094
25 0.4189189189189189 0.955 0.2042042042042042 0.088
25 0.6936936936936937 0.925 0.2072072072072072 0.15
25 0.47297297297297297 0.731 0.15615615615615616 0.096
22 0.0027316966966966965 0.00129278 0.0005426156156156155 0.00085404