48 0.2546875 0.44375 0.45625 0.8479166666666667
48 0.86796875 0.7864583333333334 0.2640625 0.4270833333333333
25 0.60546875 0.8229166666666666 0.090625 0.23333333333333334
17 0.42421875 0.6260416666666667 0.1703125 0.05416666666666667
17 0.47890625 0.7927083333333333 0.1734375 0.11875
25 0.21640625 0.7489583333333333 0.0953125 0.035416666666666666
40 0.421875 0.403125 0.0078125 0.03958333333333333
40 0.434375 0.39375 0.0109375 0.05416666666666667
40 0.4453125 0.3927083333333333 0.009375 0.06041666666666667
48 0.0014034796875 0.00068836875 0.0003180421875 0.000386025
25 0.38984375 0.9458333333333333 0.1203125 0.07708333333333334
22 0.571875 0.571875 0.275 0.28541666666666665
26 0.42265625 0.8489583333333334 0.8453125 0.3020833333333333
41 0.90390625 0.5354166666666667 0.1921875 0.24166666666666667
48 0.91953125 0.5104166666666666 0.0640625 0.15625
48 0.5328125 0.6177083333333333 0.2703125 0.25416666666666665
40 0.471875 0.36354166666666665 0.0046875 0.04375
40 0.48203125 0.3625 0.009375 0.06666666666666667
40 0.46015625 0.37604166666666666 0.0109375 0.04375