18 0.9046875 0.49 0.0484375 0.045
18 0.9609375 0.485 0.0453125 0.045
18 0.86171875 0.4975 0.046875 0.05
18 0.69375 0.50375 0.15 0.06
18 0.99375 0.4825 0.0125 0.045
16 0.634375 0.655 0.1578125 0.23
48 0.50390625 0.5875 0.0109375 0.065
48 0.48046875 0.59625 0.0078125 0.0575
48 0.47109375 0.59875 0.0125 0.06
48 0.5140625 0.5825 0.009375 0.0425
16 0.19765625 0.63875 0.15625 0.1
11 0.8390625 0.2475 0.015625 0.035
48 0.83203125 0.5 0.009375 0.0475
48 0.68125 0.6275 0.0171875 0.0375
18 0.69375 0.50625 0.0515625 0.045
18 0.97265625 0.54625 0.0546875 0.055
48 0.6484375 0.58125 0.009375 0.0225
48 0.60546875 0.5875 0.00625 0.0125
48 0.61796875 0.605 0.0046875 0.0175
48 0.628125 0.6075 0.009375 0.0375
11 0.23046875 0.2425 0.0921875 0.0175
11 0.0640625 0.24625 0.028125 0.02
11 0.09140625 0.24625 0.0203125 0.03
11 0.1328125 0.24 0.0265625 0.0175
11 0.034375 0.25125 0.0328125 0.0125
48 0.58671875 0.58625 0.009375 0.0225
48 0.896875 0.23 0.0046875 0.01
11 0.21328125 0.16625 0.040625 0.1
11 0.075 0.245 0.015625 0.0225
11 0.14296875 0.1725 0.015625 0.0375
48 0.64140625 0.23125 0.0046875 0.0125