36 0.55 0.7506329113924051 0.068 0.05569620253164557
48 0.818 0.8025316455696202 0.038 0.12658227848101267
48 0.745 0.760759493670886 0.01 0.05063291139240506
48 0.722 0.7569620253164557 0.01 0.035443037974683546
48 0.59 0.7544303797468355 0.018 0.053164556962025315
48 0.402 0.7518987341772152 0.016 0.05569620253164557
48 0.359 0.7556962025316456 0.014 0.06835443037974684
48 0.151 0.7683544303797468 0.028 0.10886075949367088
74 0.474 0.7518987341772152 0.062 0.07341772151898734
48 0.763 0.7556962025316456 0.018 0.05822784810126582
30 0.708 0.8468354430379746 0.032 0.07848101265822785
48 0.124 0.769620253164557 0.014 0.09367088607594937
48 0.273 0.7683544303797468 0.026 0.07341772151898734
48 0.346 0.7569620253164557 0.022 0.07341772151898734
48 0.332 0.759493670886076 0.018 0.07341772151898734
48 0.322 0.7835443037974683 0.034 0.10126582278481013
74 0.71 0.7455696202531645 0.044 0.060759493670886074