39 0.67578125 0.8072916666666666 0.0765625 0.028645833333333332
48 0.44765625 0.5416666666666666 0.0125 0.0625
48 0.74765625 0.5598958333333334 0.025 0.09375
48 0.96015625 0.5533854166666666 0.0203125 0.06510416666666667
48 0.259375 0.5690104166666666 0.0171875 0.07552083333333333
48 0.76953125 0.55078125 0.015625 0.0703125
48 0.57734375 0.5364583333333334 0.015625 0.049479166666666664
48 0.521875 0.5338541666666666 0.0125 0.044270833333333336
48 0.48984375 0.55078125 0.0140625 0.0390625
48 0.471875 0.5390625 0.0125 0.06510416666666667
48 0.28828125 0.5859375 0.0109375 0.049479166666666664
48 0.43984375 0.5364583333333334 0.0109375 0.06770833333333333
48 0.996875 0.546875 0.00625 0.06770833333333333
48 0.48828125 0.54296875 0.00625 0.0390625