36 0.222 0.7066666666666667 0.186 0.25866666666666666
36 0.53 0.7186666666666667 0.114 0.25066666666666665
36 0.25 0.7666666666666667 0.098 0.168
55 0.732 0.5533333333333333 0.018 0.018666666666666668
55 0.581 0.5586666666666666 0.018 0.016
55 0.532 0.568 0.008 0.016
55 0.817 0.5373333333333333 0.014 0.013333333333333334
55 0.797 0.5373333333333333 0.006 0.013333333333333334
55 0.799 0.5253333333333333 0.008 0.010666666666666666
55 0.841 0.5266666666666666 0.008 0.008
55 0.866 0.512 0.006 0.005333333333333333
55 0.939 0.54 0.012 0.010666666666666666
55 0.216 0.5613333333333334 0.01 0.010666666666666666
55 0.974 0.5226666666666666 0.016 0.010666666666666666
55 0.89 0.5173333333333333 0.01 0.005333333333333333
55 0.921 0.5266666666666666 0.012 0.008