9 0.8903301886792453 0.70859375 0.049528301886792456 0.0734375
9 0.9280660377358491 0.75 0.14386792452830188 0.1609375
48 0.5778301886792453 0.74921875 0.16745283018867924 0.490625
48 0.8856132075471698 0.53515625 0.05660377358490566 0.1875
48 0.8466981132075472 0.496875 0.08726415094339622 0.2015625
48 0.5966981132075472 0.5234375 0.0660377358490566 0.1453125
76 0.5306603773584906 0.26640625 0.9386792452830188 0.3375
74 0.7429245283018868 0.67578125 0.30424528301886794 0.2015625
48 0.455188679245283 0.440625 0.08962264150943396 0.0453125
48 0.9846698113207547 0.64609375 0.030660377358490566 0.103125
48 0.17806603773584906 0.796875 0.18867924528301888 0.40625
35 0.9823113207547169 0.6953125 0.02830188679245283 0.0265625
48 0.3007075471698113 0.646875 0.5683962264150944 0.6796875
48 0.9422169811320755 0.68828125 0.07075471698113207 0.178125
48 0.9174528301886793 0.6234375 0.03537735849056604 0.0515625
74 0.10849056603773585 0.6046875 0.20754716981132076 0.3109375
48 0.777122641509434 0.51171875 0.12264150943396226 0.1984375
35 0.5589622641509434 0.68359375 0.06839622641509434 0.0484375