48 0.384375 0.7552083333333334 0.2984375 0.3645833333333333
48 0.70703125 0.7416666666666667 0.1765625 0.35833333333333334
48 0.8125 0.6729166666666667 0.1109375 0.3541666666666667
48 0.26953125 0.32916666666666666 0.046875 0.09791666666666667
48 0.7484375 0.44375 0.08125 0.08333333333333333
48 0.3734375 0.415625 0.075 0.11666666666666667
48 0.55234375 0.3104166666666667 0.0296875 0.0875
22 0.46015625 0.453125 0.04375 0.05625
22 0.39921875 0.12291666666666666 0.0359375 0.016666666666666666
22 0.4265625 0.09270833333333334 0.0359375 0.016666666666666666
22 0.484375 0.06041666666666667 0.034375 0.020833333333333332
22 0.4515625 0.06145833333333333 0.0359375 0.020833333333333332
22 0.4859375 0.0875 0.0171875 0.016666666666666666
22 0.4046875 0.15104166666666666 0.0359375 0.020833333333333332
48 0.7875 0.18645833333333334 0.046875 0.07916666666666666
48 0.89375 0.14583333333333334 0.0375 0.07083333333333333
48 0.70234375 0.375 0.0765625 0.10833333333333334
48 0.42578125 0.23333333333333334 0.0421875 0.08541666666666667
48 0.29921875 0.27708333333333335 0.0421875 0.09375
5 0.24296875 0.6385416666666667 0.0203125 0.058333333333333334
5 0.78828125 0.7072916666666667 0.0390625 0.03125
22 0.3953125 0.09479166666666666 0.025 0.020833333333333332
22 0.3734375 0.11979166666666667 0.034375 0.025
22 0.44140625 0.18229166666666666 0.0296875 0.035416666666666666
48 0.5140625 0.33229166666666665 0.03125 0.07916666666666666
22 0.434375 0.12083333333333333 0.0203125 0.020833333333333332