13 0.603125 0.7535612535612536 0.05625 0.3162393162393162
13 0.509375 0.6766381766381766 0.0671875 0.3789173789173789
13 0.17578125 0.6125356125356125 0.0828125 0.5555555555555556
13 0.15703125 0.7849002849002849 0.0515625 0.2678062678062678
77 0.1140625 0.6267806267806267 0.0515625 0.5270655270655271
77 0.17265625 0.6168091168091168 0.08125 0.5584045584045584
77 0.24140625 0.6495726495726496 0.075 0.5071225071225072
77 0.29375 0.6524216524216524 0.05625 0.45584045584045585
77 0.37890625 0.6752136752136753 0.071875 0.46438746438746437
77 0.434375 0.6695156695156695 0.0484375 0.39886039886039887
77 0.5078125 0.6680911680911681 0.0609375 0.39886039886039887
77 0.5578125 0.7222222222222222 0.0578125 0.358974358974359
77 0.671875 0.7336182336182336 0.05 0.30484330484330485
77 0.72109375 0.7350427350427351 0.0609375 0.3418803418803419
77 0.76953125 0.7962962962962963 0.053125 0.2905982905982906
13 0.76953125 0.7977207977207977 0.0515625 0.28774928774928776
13 0.33828125 0.6595441595441596 0.0390625 0.42165242165242167
13 0.29296875 0.6509971509971509 0.0515625 0.4586894586894587
77 0.6015625 0.7549857549857549 0.0578125 0.3190883190883191
77 0.909375 0.7193732193732194 0.0375 0.3076923076923077