13 0.409375 0.7739583333333333 0.0296875 0.08958333333333333
16 0.49140625 0.3333333333333333 0.0984375 0.12291666666666666
48 0.48671875 0.6260416666666667 0.2390625 0.7208333333333333
48 0.22421875 0.7208333333333333 0.2234375 0.5583333333333333
76 0.184375 0.36041666666666666 0.321875 0.24583333333333332
48 0.603125 0.35625 0.009375 0.035416666666666666
18 0.35625 0.346875 0.03125 0.029166666666666667
16 0.42578125 0.3385416666666667 0.040625 0.09583333333333334
72 0.52109375 0.2833333333333333 0.0046875 0.008333333333333333
76 0.59765625 0.3333333333333333 0.028125 0.014583333333333334
48 0.59140625 0.35 0.0140625 0.04791666666666667
18 0.02578125 0.3572916666666667 0.0390625 0.025
18 0.38671875 0.3145833333333333 0.0171875 0.025
72 0.38203125 0.28125 0.0140625 0.016666666666666666
72 0.596875 0.30625 0.0046875 0.010416666666666666
72 0.55 0.29375 0.0109375 0.014583333333333334
72 0.3515625 0.29270833333333335 0.0046875 0.014583333333333334
48 0.6140625 0.36770833333333336 0.00625 0.022916666666666665
72 0.4421875 0.275 0.0046875 0.008333333333333333
48 0.75859375 0.621875 0.2 0.6979166666666666