48 0.0484375 0.6352941176470588 0.09375 0.6941176470588235
48 0.253125 0.5788235294117647 0.23125 0.8188235294117647
48 0.0013426765625 0.00124144 0.0004396484375 0.002220235294117647
66 0.52421875 0.49529411764705883 0.378125 0.9905882352941177
68 0.5484375 0.4211764705882353 0.109375 0.20705882352941177
22 0.26015625 0.14470588235294118 0.05625 0.06823529411764706
22 0.3078125 0.13411764705882354 0.0296875 0.06588235294117648
22 0.3453125 0.12588235294117647 0.0421875 0.07294117647058823
22 0.22421875 0.15176470588235294 0.0265625 0.04
22 0.28046875 0.18470588235294116 0.0203125 0.02823529411764706
50 0.79609375 0.5423529411764706 0.0578125 0.2611764705882353