22 0.55078125 0.2546948356807512 0.0390625 0.09859154929577464
48 0.24921875 0.4284037558685446 0.2734375 0.6995305164319249
48 0.6125 0.20422535211267606 0.0421875 0.18544600938967137
48 0.66796875 0.18661971830985916 0.0359375 0.15492957746478872
48 0.7875 0.1772300469483568 0.021875 0.1267605633802817
57 0.23046875 0.7183098591549296 0.24375 0.1619718309859155
57 0.68046875 0.24413145539906103 0.021875 0.046948356807511735
57 0.6359375 0.22535211267605634 0.0234375 0.03755868544600939
57 0.87265625 0.22183098591549297 0.0109375 0.035211267605633804
57 0.7796875 0.2136150234741784 0.0171875 0.06103286384976526
48 0.446875 0.25 0.0375 0.13145539906103287
48 0.865625 0.18779342723004694 0.021875 0.1056338028169014
48 0.63125 0.19131455399061034 0.0328125 0.18779342723004694