13 0.82421875 0.9458333333333333 0.1015625 0.10833333333333334
26 0.5 0.51875 1 0.9583333333333334
48 0.13515625 0.2677083333333333 0.2703125 0.5354166666666667
48 0.76171875 0.11041666666666666 0.215625 0.21041666666666667
13 0.6703125 0.1125 0.05 0.12291666666666666
25 0.9515625 0.44583333333333336 0.09375 0.13958333333333334
13 0.70625 0.1625 0.053125 0.10625
28 0.2234375 0.6708333333333333 0.059375 0.09583333333333334
28 0.4578125 0.4166666666666667 0.0609375 0.075
28 0.55859375 0.4552083333333333 0.084375 0.11041666666666666
28 0.78671875 0.553125 0.0890625 0.0875
28 0.7515625 0.66875 0.0828125 0.0875
28 0.628125 0.9333333333333333 0.078125 0.12083333333333333
28 0.53671875 0.89375 0.1 0.16875
28 0.19453125 0.6145833333333334 0.06875 0.09791666666666667
28 0.50234375 0.45729166666666665 0.0421875 0.06875
28 0.5375 0.3854166666666667 0.078125 0.06875
28 0.58359375 0.840625 0.0703125 0.08958333333333333
48 0.36796875 0.11979166666666667 0.1671875 0.23958333333333334
48 0.9734375 0.5635416666666667 0.053125 0.525
48 0.51328125 0.09270833333333334 0.165625 0.18125
35 0.94453125 0.7125 0.1109375 0.42916666666666664
28 0.69296875 0.8802083333333334 0.0734375 0.11041666666666666
28 0.66328125 0.9739583333333334 0.05625 0.052083333333333336