9 0.2674698795180723 0.5703125 0.021686746987951807 0.04375
18 0.6349397590361445 0.53671875 0.10843373493975904 0.05
18 0.41807228915662653 0.53203125 0.04096385542168675 0.021875
18 0.4759036144578313 0.52890625 0.043373493975903614 0.0234375
18 0.553012048192771 0.52890625 0.02650602409638554 0.01875
18 0.44457831325301206 0.52578125 0.02650602409638554 0.01875
48 0.28795180722891567 0.553125 0.043373493975903614 0.0734375
48 0.22048192771084338 0.55703125 0.024096385542168676 0.06875
30 0.6337349397590362 0.68359375 0.07710843373493977 0.053125
8 0.5397590361445783 0.82421875 0.7614457831325301 0.3234375
18 0.35903614457831323 0.52578125 0.014457831325301205 0.0078125
18 0.9457831325301205 0.54375 0.10843373493975904 0.06875
18 0.39518072289156625 0.53125 0.007228915662650603 0.01875
48 0.03734939759036145 0.5375 0.021686746987951807 0.025
8 0.7867469879518072 0.53828125 0.06987951807228916 0.0234375