22 0.47265625 0.7208333333333333 0.04375 0.2604166666666667
60 0.7484375 0.665625 0.31875 0.2625
14 0.36328125 0.525 0.0703125 0.03125
14 0.26015625 0.525 0.071875 0.020833333333333332
3 0.35703125 0.5020833333333333 0.046875 0.0375
1 0.259375 0.5010416666666667 0.046875 0.029166666666666667
78 0.25546875 0.6510416666666666 0.0203125 0.06875
78 0.24296875 0.6479166666666667 0.0109375 0.05
22 0.94765625 0.6802083333333333 0.0546875 0.12916666666666668
78 0.2234375 0.6895833333333333 0.01875 0.0375
22 0.33515625 0.496875 0.05625 0.06458333333333334
22 0.409375 0.5 0.059375 0.06458333333333334
26 0.2828125 0.546875 0.3640625 0.04583333333333333