27 0.2546875 0.4923580786026201 0.4984375 0.7314410480349345
48 0.62109375 0.6593886462882096 0.746875 0.5567685589519651
48 0.6015625 0.2445414847161572 0.2703125 0.4890829694323144
48 0.43125 0.06550218340611354 0.0890625 0.13100436681222707
48 0.30625 0.22816593886462883 0.1296875 0.27074235807860264
32 0.553125 0.4836244541484716 0.1140625 0.1965065502183406
32 0.64765625 0.12882096069868995 0.11875 0.0982532751091703
48 0.0375 0.1648471615720524 0.071875 0.3296943231441048
22 0.81328125 0.2390829694323144 0.290625 0.462882096069869
22 0.6125 0.2390829694323144 0.3328125 0.4497816593886463
22 0.6734375 0.09388646288209607 0.09375 0.18777292576419213
22 0.196875 0.30458515283842796 0.115625 0.22489082969432314
22 0.10390625 0.12008733624454149 0.0921875 0.15283842794759825
22 0.3609375 0.07096069868995633 0.0453125 0.12445414847161572
48 0.20859375 0.1277292576419214 0.203125 0.25327510917030566