48 0.1890625 0.44575471698113206 0.2734375 0.6816037735849056
48 0.6375 0.3903301886792453 0.153125 0.5070754716981132
48 0.39375 0.35377358490566035 0.20625 0.5235849056603774
48 0.5859375 0.42924528301886794 0.1953125 0.5259433962264151
37 0.515625 0.6367924528301887 0.0328125 0.02358490566037736
48 0.7015625 0.29952830188679247 0.075 0.3443396226415094
48 0.8734375 0.6768867924528302 0.253125 0.6226415094339622
48 0.45859375 0.2099056603773585 0.1078125 0.1957547169811321
37 0.38984375 0.6462264150943396 0.1109375 0.030660377358490566
48 0.7359375 0.4186320754716981 0.071875 0.25235849056603776
37 0.5875 0.7063679245283019 0.0375 0.025943396226415096
37 0.53203125 0.6992924528301887 0.0234375 0.025943396226415096
37 0.5265625 0.6261792452830188 0.028125 0.02122641509433962
37 0.38203125 0.6143867924528302 0.0734375 0.04481132075471698
37 0.50859375 0.7028301886792453 0.0296875 0.025943396226415096