22 0.0421875 0.5895833333333333 0.08125 0.375
22 0.27109375 0.4895833333333333 0.084375 0.3104166666666667
22 0.53203125 0.3302083333333333 0.078125 0.09583333333333334
22 0.6109375 0.4114583333333333 0.1578125 0.23958333333333334
22 0.93828125 0.40208333333333335 0.1234375 0.16666666666666666
18 0.92734375 0.20520833333333333 0.14375 0.16666666666666666
48 0.40625 0.503125 0.2625 0.5979166666666667
48 0.75390625 0.534375 0.4828125 0.93125
48 0.92421875 0.24479166666666666 0.1078125 0.175
48 0.8921875 0.19270833333333334 0.0359375 0.04791666666666667
48 0.315625 0.13958333333333334 0.0140625 0.04791666666666667
48 0.36640625 0.11770833333333333 0.0125 0.04583333333333333
21 0.35078125 0.5020833333333333 0.0640625 0.058333333333333334
25 0.0875 0.903125 0.1 0.19375
14 0.31171875 0.8541666666666666 0.0640625 0.06875
14 0.22421875 0.8260416666666667 0.0640625 0.075
14 0.490625 0.8760416666666667 0.0625 0.075
35 0.3171875 0.6979166666666666 0.2375 0.15833333333333333
48 0.346875 0.11979166666666667 0.0109375 0.04583333333333333
25 0.8921875 0.90625 0.1015625 0.18333333333333332
19 0.228125 0.778125 0.0453125 0.03958333333333333
22 0.553125 0.54375 0.040625 0.12916666666666668
26 0.44140625 0.39791666666666664 0.3203125 0.08333333333333333
26 0.5625 0.9 0.4828125 0.19791666666666666
26 0.87734375 0.321875 0.071875 0.029166666666666667
48 0.70078125 0.190625 0.015625 0.03958333333333333
48 0.57421875 0.115625 0.00625 0.020833333333333332
48 0.35703125 0.1125 0.0125 0.03333333333333333
43 0.53671875 0.17708333333333334 0.0765625 0.06041666666666667
31 0.41640625 0.89375 0.053125 0.07708333333333334
14 0.6078125 0.89375 0.065625 0.07708333333333334
43 0.52734375 0.146875 0.0390625 0.04375
25 0.49140625 0.8739583333333333 0.0625 0.07291666666666667
22 0.31328125 0.42291666666666666 0.0515625 0.10833333333333334
26 0.96640625 0.38333333333333336 0.05625 0.0375