36 0.5734375 0.8167372881355932 0.2578125 0.3432203389830508
48 0.56875 0.6366525423728814 0.1078125 0.163135593220339
48 0.7140625 0.451271186440678 0.090625 0.18220338983050846
48 0.37109375 0.559322033898305 0.084375 0.13135593220338984
48 0.18515625 0.5169491525423728 0.0484375 0.08050847457627118
48 0.13203125 0.5540254237288136 0.0328125 0.1016949152542373
48 0.05859375 0.5540254237288136 0.06875 0.0847457627118644
48 0.50234375 0.5286016949152542 0.0765625 0.1016949152542373
36 0.7453125 0.6758474576271186 0.096875 0.13983050847457626
36 0.81953125 0.7065677966101694 0.0625 0.13347457627118645
36 0.8546875 0.763771186440678 0.1015625 0.288135593220339
48 0.47734375 0.6133474576271186 0.040625 0.15254237288135594
48 0.290625 0.551906779661017 0.05625 0.09745762711864407
48 0.425 0.5826271186440678 0.040625 0.1016949152542373
48 0.93515625 0.5402542372881356 0.053125 0.12076271186440678
36 0.64140625 0.6536016949152542 0.0765625 0.0635593220338983
68 0.88828125 0.576271186440678 0.0046875 0.014830508474576272
68 0.94140625 0.6260593220338984 0.0078125 0.05084745762711865
68 0.7015625 0.4057203389830508 0.0046875 0.012711864406779662
68 0.96015625 0.6228813559322034 0.0078125 0.00847457627118644
48 0.98515625 0.510593220338983 0.0296875 0.06991525423728813
68 0.2359375 0.5095338983050848 0.009375 0.012711864406779662
68 0.42265625 0.5667372881355932 0.0015625 0.01059322033898305
68 0.18515625 0.524364406779661 0.0046875 0.014830508474576272
68 0.12890625 0.5635593220338984 0.0046875 0.025423728813559324
68 0.871875 0.5423728813559322 0.0046875 0.012711864406779662
48 0.23359375 0.5201271186440678 0.0578125 0.09110169491525423