48 0.3859375 0.6861826697892272 0.1890625 0.5081967213114754
48 0.553125 0.65807962529274 0.1703125 0.4637002341920375
48 0.6 0.3559718969555035 0.18125 0.5339578454332553
48 0.7234375 0.5046838407494145 0.1578125 0.6838407494145199
48 0.8375 0.43911007025761123 0.2 0.6838407494145199
48 0.27578125 0.5292740046838408 0.1390625 0.7564402810304449
48 0.4484375 0.36416861826697894 0.2171875 0.41920374707259955
32 0.58984375 0.6990632318501171 0.0640625 0.0936768149882904
32 0.40234375 0.7634660421545667 0.0578125 0.08665105386416862
32 0.18671875 0.40398126463700235 0.05625 0.08196721311475409
32 0.59765625 0.28337236533957844 0.05625 0.07962529274004684
32 0.70234375 0.40866510538641687 0.05 0.08665105386416862
32 0.44140625 0.4215456674473068 0.059375 0.08196721311475409
32 0.26640625 0.563231850117096 0.0390625 0.06323185011709602
48 0.153125 0.5772833723653396 0.1625 0.7868852459016393
32 0.8296875 0.33138173302107726 0.028125 0.04215456674473068