76 0.6639344262295082 0.2875 0.28805620608899296 0.0578125
48 0.7177985948477752 0.49140625 0.18032786885245902 0.346875
48 0.45550351288056207 0.4109375 0.04215456674473068 0.084375
48 0.3442622950819672 0.4140625 0.03044496487119438 0.0765625
48 0.6217798594847775 0.403125 0.02810304449648712 0.0375
48 0.4859484777517564 0.39609375 0.01873536299765808 0.0390625
48 0.4215456674473068 0.403125 0.03044496487119438 0.059375
48 0.382903981264637 0.415625 0.05152224824355972 0.0953125
48 0.5714285714285714 0.50625 0.13817330210772832 0.3078125
48 0.6206088992974239 0.46015625 0.03981264637002342 0.146875
48 0.5 0.39609375 0.01405152224824356 0.0359375
48 0.319672131147541 0.421875 0.0234192037470726 0.08125