76 0.3734375 0.553125 0.2640625 0.125
76 0.6546875 0.7 0.278125 0.30833333333333335
22 0.51640625 0.7729166666666667 0.096875 0.11041666666666666
22 0.6375 0.7791666666666667 0.1 0.11875
22 0.16015625 0.6854166666666667 0.06875 0.18333333333333332
48 0.92890625 0.7947916666666667 0.1421875 0.0625
48 0.921875 0.7791666666666667 0.15625 0.06041666666666667
35 0.36796875 0.796875 0.0359375 0.04791666666666667
35 0.4234375 0.7864583333333334 0.078125 0.10833333333333334
65 0.25625 0.7385416666666667 0.08125 0.18541666666666667
48 0.96015625 0.675 0.0796875 0.12291666666666666
48 0.29375 0.7364583333333333 0.034375 0.1625
22 0.33359375 0.759375 0.0828125 0.125
65 0.22109375 0.73125 0.0703125 0.19791666666666666