11 0.6 0.7611241217798594 0.2140625 0.03747072599531616
11 0.07734375 0.48711943793911006 0.028125 0.06088992974238876
48 0.746875 0.5749414519906323 0.009375 0.04215456674473068
48 0.75390625 0.5913348946135831 0.0140625 0.04918032786885246
39 0.63828125 0.265807962529274 0.1484375 0.2716627634660422
48 0.734375 0.5749414519906323 0.0109375 0.03981264637002342
48 0.51171875 0.594847775175644 0.0125 0.02810304449648712
48 0.2953125 0.5889929742388759 0.0078125 0.0351288056206089
48 0.15 0.5995316159250585 0.0078125 0.01873536299765808
48 0.9875 0.5819672131147541 0.0078125 0.03747072599531616
48 0.13828125 0.5995316159250585 0.0125 0.01639344262295082
48 0.8734375 0.6007025761124122 0.0078125 0.03278688524590164
48 0.1734375 0.6100702576112412 0.01875 0.00468384074941452