26 0.50078125 0.7675233644859814 0.9953125 0.4392523364485981
48 0.68359375 0.397196261682243 0.309375 0.6822429906542056
48 0.1140625 0.3002336448598131 0.228125 0.4322429906542056
48 0.46015625 0.2757009345794392 0.171875 0.2266355140186916
48 0.38125 0.4053738317757009 0.259375 0.4252336448598131
48 0.8796875 0.22780373831775702 0.025 0.06775700934579439
49 0.46328125 0.6670560747663551 0.1640625 0.09345794392523364
13 0.1 0.7757009345794392 0.0890625 0.1939252336448598
48 0.990625 0.42289719626168226 0.0171875 0.08878504672897196
48 0.2109375 0.26635514018691586 0.0453125 0.0911214953271028
48 0.190625 0.21378504672897197 0.0546875 0.12149532710280374
48 0.8984375 0.23481308411214954 0.0109375 0.06775700934579439
48 0.81640625 0.27920560747663553 0.228125 0.4392523364485981
26 0.95546875 0.4357476635514019 0.0578125 0.06775700934579439