31 0.92734375 0.29270833333333335 0.065625 0.19375
19 0.428125 0.25416666666666665 0.0703125 0.052083333333333336
19 0.41171875 0.28229166666666666 0.046875 0.04375
19 0.39609375 0.24375 0.040625 0.052083333333333336
19 0.42109375 0.22604166666666667 0.04375 0.058333333333333334
19 0.44375 0.17916666666666667 0.0515625 0.04791666666666667
19 0.5140625 0.315625 0.09375 0.0875
19 0.4765625 0.246875 0.028125 0.05416666666666667
19 0.49453125 0.20208333333333334 0.03125 0.03958333333333333
19 0.43671875 0.334375 0.121875 0.13958333333333334
19 0.55078125 0.253125 0.03125 0.05416666666666667
26 0.49921875 0.4947916666666667 0.9984375 0.9833333333333333
40 0.88125 0.20729166666666668 0.0265625 0.09375
19 0.48515625 0.271875 0.103125 0.12291666666666666
25 0.06796875 0.051041666666666666 0.121875 0.09583333333333334
19 0.4734375 0.146875 0.0578125 0.06458333333333334
19 0.51875 0.23645833333333333 0.046875 0.05625