72 0.65625 0.22546728971962618 0.0171875 0.0794392523364486
72 0.09140625 0.4976635514018692 0.0140625 0.02336448598130841
72 0.45703125 0.4766355140186916 0.015625 0.05841121495327103
72 0.33671875 0.47313084112149534 0.015625 0.07009345794392523
72 0.384375 0.4544392523364486 0.01875 0.07242990654205607
72 0.30703125 0.4883177570093458 0.0140625 0.056074766355140186
72 0.47734375 0.47313084112149534 0.0140625 0.07009345794392523
72 0.40546875 0.45794392523364486 0.0171875 0.07242990654205607
72 0.8828125 0.5420560747663551 0.0078125 0.018691588785046728
72 0.65625 0.5373831775700935 0.009375 0.028037383177570093
72 0.4828125 0.530373831775701 0.015625 0.03271028037383177