48 0.34375 0.41451990632318503 0.175 0.18032786885245902
48 0.53203125 0.3793911007025761 0.075 0.20374707259953162
48 0.63671875 0.44379391100702575 0.0546875 0.12412177985948478
48 0.15 0.49414519906323184 0.140625 0.3700234192037471
48 0.575 0.4180327868852459 0.11875 0.17330210772833723
6 0.62890625 0.7927400468384075 0.39375 0.31381733021077285
48 0.11015625 0.4180327868852459 0.0875 0.22950819672131148
48 0.328125 0.3255269320843091 0.0484375 0.09836065573770492
48 0.70234375 0.4414519906323185 0.0234375 0.11241217798594848
48 0.40078125 0.3442622950819672 0.0578125 0.13114754098360656
48 0.39140625 0.6487119437939111 0.09375 0.2529274004683841