78 0.58046875 0.49765258215962443 0.1375 0.2934272300469484
78 0.628125 0.505868544600939 0.0703125 0.2699530516431925
78 0.74765625 0.6197183098591549 0.046875 0.1431924882629108
25 0.43984375 0.7640845070422535 0.0765625 0.2793427230046948
26 0.5 0.8615023474178404 1 0.2535211267605634
78 0.53984375 0.4272300469483568 0.4984375 0.47417840375586856
78 0.73359375 0.6326291079812206 0.0203125 0.07042253521126761
25 0.5671875 0.7406103286384976 0.1390625 0.20657276995305165
25 0.63984375 0.7453051643192489 0.0421875 0.1807511737089202
25 0.29375 0.7593896713615024 0.1765625 0.3192488262910798
25 0.396875 0.7535211267605634 0.0671875 0.3004694835680751
25 0.69453125 0.7241784037558685 0.0796875 0.11971830985915492
25 0.77265625 0.7136150234741784 0.0234375 0.09154929577464789
31 0.83515625 0.8286384976525821 0.3296875 0.051643192488262914
31 0.15234375 0.8227699530516432 0.128125 0.014084507042253521