48 0.617096018735363 0.15859375 0.06791569086651054 0.06875
48 0.026932084309133488 0.2234375 0.053864168618266976 0.121875
43 0.24121779859484777 0.71484375 0.4613583138173302 0.54375
48 0.29859484777517564 0.1640625 0.04215456674473068 0.0609375
48 0.7096018735362998 0.14765625 0.03747072599531616 0.0484375
48 0.7552693208430913 0.14609375 0.06088992974238876 0.059375
48 0.8372365339578455 0.16484375 0.04215456674473068 0.1
48 0.18032786885245902 0.16875 0.02810304449648712 0.0390625
48 0.1920374707259953 0.16796875 0.01405152224824356 0.0359375
48 0.21662763466042154 0.17734375 0.04449648711943794 0.08125
43 0.0015653559718969555 0.0013515265625 0.0011460608899297425 0.0004219484375
43 0.7177985948477752 0.55 0.5644028103044496 0.33125
43 0.7622950819672131 0.34296875 0.47540983606557374 0.134375
43 0.7096018735362998 0.2875 0.3981264637002342 0.1109375
43 0.734192037470726 0.61484375 0.531615925058548 0.1953125
43 0.6323185011709602 0.203125 0.17330210772833723 0.04375
43 0.5714285714285714 0.17578125 0.08196721311475409 0.0296875
43 0.2857142857142857 0.27890625 0.38875878220140514 0.109375
43 0.7634660421545667 0.39375 0.47306791569086654 0.096875
43 0.6791569086651054 0.21875 0.2903981264637002 0.0609375
43 0.6885245901639344 0.25 0.3372365339578454 0.040625
48 0.7833723653395784 0.15390625 0.01873536299765808 0.0609375
48 0.6604215456674473 0.14609375 0.0234192037470726 0.021875
48 0.44379391100702575 0.14921875 0.01639344262295082 0.0234375
43 0.19672131147540983 0.509375 0.39344262295081966 0.3734375