18 0.1625 0.703125 0.1796875 0.1625
18 0.26328125 0.7041666666666667 0.034375 0.03958333333333333
18 0.0578125 0.7197916666666667 0.0390625 0.06458333333333334
72 0.6140625 0.38125 0.021875 0.07083333333333333
72 0.4765625 0.396875 0.0171875 0.06458333333333334
72 0.25390625 0.5145833333333333 0.0140625 0.041666666666666664
72 0.16015625 0.5083333333333333 0.0109375 0.041666666666666664
18 0.04765625 0.7041666666666667 0.021875 0.022916666666666665
72 0.0609375 0.5114583333333333 0.0140625 0.04375
72 0.28359375 0.6364583333333333 0.00625 0.022916666666666665
18 0.50234375 0.934375 0.9953125 0.10416666666666667