18 0.42578125 0.23020833333333332 0.1359375 0.0875
18 0.3859375 0.2125 0.084375 0.052083333333333336
18 0.40234375 0.19270833333333334 0.1234375 0.05625
43 0.4953125 0.521875 0.871875 0.6854166666666667
43 0.30703125 0.27291666666666664 0.23125 0.15625
43 0.215625 0.246875 0.0640625 0.08333333333333333
48 0.9140625 0.24270833333333333 0.0515625 0.15
48 0.09140625 0.209375 0.05 0.16458333333333333
48 0.1171875 0.20625 0.01875 0.09375
74 0.65390625 0.21354166666666666 0.4046875 0.225
74 0.37578125 0.18020833333333333 0.1671875 0.06875
48 0.0421875 0.20833333333333334 0.0453125 0.1625
48 0.17578125 0.215625 0.0515625 0.15625
48 0.2546875 0.18854166666666666 0.0296875 0.058333333333333334
48 0.29140625 0.178125 0.0203125 0.041666666666666664
48 0.8859375 0.234375 0.0359375 0.11875
48 0.134375 0.20833333333333334 0.01875 0.08958333333333333
48 0.21171875 0.19166666666666668 0.028125 0.07083333333333333
48 0.23515625 0.18020833333333333 0.01875 0.04375
27 0.871875 0.2916666666666667 0.025 0.05416666666666667
2 0.95703125 0.23333333333333334 0.021875 0.03958333333333333
48 0.94765625 0.24270833333333333 0.028125 0.09166666666666666
48 0.07265625 0.19479166666666667 0.015625 0.07291666666666667
43 0.01875 0.215625 0.0328125 0.06458333333333334