74 0.575 0.5114583333333333 0.684375 0.79375
48 0.07578125 0.6541666666666667 0.128125 0.35
48 0.0140625 0.6625 0.028125 0.3229166666666667
48 0.9515625 0.515625 0.0515625 0.15833333333333333
48 0.88984375 0.4510416666666667 0.0265625 0.052083333333333336
48 0.66875 0.39479166666666665 0.028125 0.0375
48 0.8671875 0.45 0.0265625 0.05
48 0.87421875 0.4270833333333333 0.0109375 0.03333333333333333
18 0.209375 0.496875 0.0828125 0.11666666666666667
18 0.078125 0.5145833333333333 0.11875 0.1
18 0.178125 0.45416666666666666 0.040625 0.08958333333333333
74 0.07890625 0.4583333333333333 0.1578125 0.125
35 0.08984375 0.6302083333333334 0.028125 0.0625
48 0.0015480109375 0.0010311416666666667 0.000028979687500000002 0.00021289166666666666
48 0.9015625 0.45 0.015625 0.07708333333333334
48 0.35390625 0.3645833333333333 0.0984375 0.10416666666666667
72 0.1296875 0.28229166666666666 0.0625 0.13541666666666666
72 0.1703125 0.2552083333333333 0.0734375 0.17916666666666667
48 0.8875 0.421875 0.0125 0.016666666666666666
48 0.98828125 0.46041666666666664 0.015625 0.03958333333333333
48 0.9765625 0.44166666666666665 0.021875 0.05416666666666667