23 0.5199063231850117 0.63203125 0.08196721311475409 0.05625
12 0.4566744730679157 0.85703125 0.03044496487119438 0.1109375
12 0.5784543325526932 0.8546875 0.0468384074941452 0.1
12 0.667447306791569 0.84921875 0.03747072599531616 0.1015625
77 0.6639344262295082 0.53125 0.06323185011709602 0.04375
77 0.6592505854800936 0.71875 0.05620608899297424 0.065625
77 0.36416861826697894 0.72734375 0.0585480093676815 0.071875
77 0.3957845433255269 0.63671875 0.08665105386416862 0.059375
22 0.05035128805620609 0.60625 0.053864168618266976 0.228125
12 0.617096018735363 0.853125 0.03747072599531616 0.0984375
12 0.4812646370023419 0.86171875 0.02576112412177986 0.1015625
12 0.5210772833723654 0.859375 0.0234192037470726 0.0921875
12 0.3629976580796253 0.8609375 0.03278688524590164 0.11875
12 0.4238875878220141 0.8578125 0.02107728337236534 0.1109375
12 0.33840749414519905 0.86328125 0.0351288056206089 0.13125
12 0.3875878220140515 0.8609375 0.03044496487119438 0.1109375
12 0.43911007025761123 0.859375 0.02576112412177986 0.1078125
12 0.5011709601873536 0.85703125 0.03278688524590164 0.1015625
77 0.36416861826697894 0.5265625 0.04215456674473068 0.065625
12 0.5386416861826698 0.8578125 0.03747072599531616 0.0984375
77 0.6510538641686182 0.621875 0.07259953161592506 0.065625