13 0.30859375 0.15208333333333332 0.0203125 0.058333333333333334
13 0.33125 0.16666666666666666 0.0296875 0.10625
48 0.48671875 0.35520833333333335 0.3546875 0.47291666666666665
51 0.75078125 0.3020833333333333 0.2453125 0.5958333333333333
25 0.25 0.6239583333333333 0.06875 0.10208333333333333
25 0.303125 0.21354166666666666 0.0265625 0.05416666666666667
61 0.365625 0.5489583333333333 0.01875 0.0125
14 0.3484375 0.5572916666666666 0.0953125 0.09583333333333334
17 0.51875 0.709375 0.2015625 0.18333333333333332
56 0.08515625 0.2833333333333333 0.153125 0.029166666666666667
25 0.86953125 0.6895833333333333 0.1015625 0.13958333333333334
14 0.9921875 0.7229166666666667 0.015625 0.07916666666666666
22 0.84375 0.46875 0.2515625 0.31666666666666665
50 0.93984375 0.390625 0.11875 0.4791666666666667
26 0.5 0.75625 1 0.4875
46 0.4625 0.275 0.2046875 0.12291666666666666
13 0.34609375 0.16666666666666666 0.0125 0.0875
13 0.09375 0.21041666666666667 0.0296875 0.1
21 0.05859375 0.953125 0.1171875 0.09375
40 0.20859375 0.14166666666666666 0.0046875 0.035416666666666666
40 0.20859375 0.13854166666666667 0.0046875 0.029166666666666667
40 0.21875 0.1375 0.0046875 0.029166666666666667
40 0.225 0.165625 0.00625 0.029166666666666667