62 0.55078125 0.9812646370023419 0.0265625 0.03747072599531616
62 0.9484375 0.8466042154566745 0.0203125 0.0351288056206089
62 0.9578125 0.5901639344262295 0.015625 0.0234192037470726
18 0.20703125 0.29156908665105385 0.1921875 0.2857142857142857
18 0.5515625 0.21311475409836064 0.146875 0.16159250585480095
18 0.8265625 0.19320843091334894 0.0765625 0.1288056206088993
48 0.73359375 0.5058548009367682 0.2046875 0.6440281030444965
67 0.5390625 0.5152224824355972 0.1 0.09601873536299765
18 0.703125 0.20608899297423888 0.03125 0.1288056206088993
8 0.14296875 0.6428571428571429 0.1046875 0.17330210772833723
48 0.0609375 0.5901639344262295 0.1109375 0.2786885245901639
18 0.40390625 0.2505854800936768 0.0921875 0.19437939110070257