48 0.45546875 0.625 0.3015625 0.5875
48 0.6484375 0.7041666666666667 0.16875 0.3770833333333333
48 0.91875 0.6916666666666667 0.1625 0.44583333333333336
48 0.26171875 0.2677083333333333 0.2625 0.5208333333333334
48 0.721875 0.17395833333333333 0.0859375 0.07708333333333334
48 0.53984375 0.09166666666666666 0.15625 0.10208333333333333
48 0.6765625 0.11666666666666667 0.09375 0.15416666666666667
48 0.0453125 0.065625 0.090625 0.13125
4 0.5796875 0.3770833333333333 0.0640625 0.12083333333333333
4 0.36640625 0.057291666666666664 0.01875 0.04791666666666667
22 0.93828125 0.146875 0.1109375 0.075
22 0.80859375 0.1375 0.109375 0.08125
22 0.4453125 0.10625 0.10625 0.11666666666666667
22 0.22109375 0.13125 0.0625 0.04791666666666667
22 0.48828125 0.159375 0.121875 0.05625
22 0.3953125 0.14895833333333333 0.053125 0.05
22 0.603125 0.16875 0.1328125 0.058333333333333334
22 0.7375 0.18229166666666666 0.115625 0.05625
22 0.90546875 0.10520833333333333 0.1046875 0.13541666666666666
22 0.66484375 0.06354166666666666 0.1125 0.10833333333333334
22 0.88984375 0.19791666666666666 0.06875 0.058333333333333334
22 0.978125 0.21145833333333333 0.04375 0.05416666666666667
48 0.94140625 0.19375 0.0796875 0.08333333333333333
4 0.35703125 0.017708333333333333 0.01875 0.03333333333333333
48 0.41171875 0.046875 0.1296875 0.08958333333333333
48 0.83671875 0.18229166666666666 0.0734375 0.07291666666666667