3 0.8484375 0.43167701863354035 0.121875 0.6521739130434783
3 0.665625 0.6925465838509317 0.084375 0.6149068322981367
3 0.73828125 0.577639751552795 0.0734375 0.6459627329192547
3 0.7671875 0.2422360248447205 0.1078125 0.43478260869565216
3 0.5828125 0.7639751552795031 0.0859375 0.4720496894409938
3 0.70546875 0.2888198757763975 0.0390625 0.17391304347826086
3 0.6046875 0.515527950310559 0.0578125 0.19875776397515527
3 0.7828125 0.6987577639751553 0.20625 0.6024844720496895
3 0.9421875 0.8385093167701864 0.115625 0.32298136645962733
3 0.90390625 0.40372670807453415 0.1890625 0.7888198757763976
3 0.53125 0.6739130434782609 0.0578125 0.3167701863354037