43 0.5386819484240688 0.55078125 0.8767908309455588 0.7609375
43 0.19340974212034384 0.35703125 0.37822349570200575 0.3921875
43 0.5114613180515759 0.1921875 0.3753581661891118 0.153125
48 0.9699140401146131 0.15 0.06017191977077364 0.14375
48 0.3868194842406877 0.08125 0.10601719197707736 0.0984375
48 0.8080229226361032 0.08984375 0.09455587392550144 0.0890625
48 0.17621776504297995 0.08828125 0.11461318051575932 0.1078125
48 0.23209169054441262 0.08046875 0.034383954154727794 0.0328125
48 0.28939828080229224 0.09140625 0.04871060171919771 0.071875
48 0.670487106017192 0.084375 0.09742120343839542 0.0796875
48 0.9183381088825215 0.1171875 0.10601719197707736 0.1703125
48 0.42550143266475643 0.06796875 0.03151862464183381 0.0296875
48 0.10888252148997135 0.078125 0.07449856733524356 0.065625
48 0.055873925501432664 0.0625 0.025787965616045846 0.0140625
48 0.4813753581661891 0.0953125 0.10601719197707736 0.1078125
43 0.7722063037249284 0.153125 0.3237822349570201 0.10625
43 0.6848137535816619 0.17890625 0.28653295128939826 0.084375
48 0.1977077363896848 0.0703125 0.04011461318051576 0.034375