48 0.91875 0.3584905660377358 0.03125 0.07783018867924528
18 0.075 0.33490566037735847 0.1234375 0.07547169811320754
18 0.384375 0.3408018867924528 0.1359375 0.07783018867924528
18 0.96328125 0.3714622641509434 0.0734375 0.07783018867924528
74 0.65703125 0.4339622641509434 0.5140625 0.4363207547169811
72 0.4234375 0.24646226415094338 0.0171875 0.049528301886792456
72 0.4453125 0.24646226415094338 0.01875 0.04245283018867924
72 0.52109375 0.2653301886792453 0.01875 0.04245283018867924
72 0.4140625 0.2665094339622642 0.0078125 0.030660377358490566
48 0.96875 0.35495283018867924 0.0234375 0.02122641509433962
18 0.45390625 0.3419811320754717 0.0734375 0.04716981132075472
9 0.92265625 0.39622641509433965 0.046875 0.0660377358490566
18 0.275 0.3419811320754717 0.1265625 0.08726415094339622