48 0.9066265060240963 0.492 0.16566265060240964 0.566
48 0.43373493975903615 0.609 0.41566265060240964 0.76
78 0.7469879518072289 0.499 0.11746987951807229 0.154
77 0.4939759036144578 0.42 0.05120481927710843 0.09
77 0.21234939759036145 0.475 0.08734939759036145 0.13
35 0.7876506024096386 0.372 0.04216867469879518 0.154
35 0.5873493975903614 0.686 0.12048192771084337 0.112
48 0.7379518072289156 0.54 0.3192771084337349 0.726
48 0.8614457831325302 0.816 0.27710843373493976 0.368
35 0.6536144578313253 0.515 0.22289156626506024 0.142
78 0.9698795180722891 0.359 0.045180722891566265 0.072