18 0.428125 0.37395833333333334 0.2375 0.23125
43 0.46015625 0.5145833333333333 0.1 0.17916666666666667
48 0.46796875 0.3729166666666667 0.15 0.3125
74 0.88828125 0.30833333333333335 0.1734375 0.10625
72 0.20078125 0.014583333333333334 0.034375 0.029166666666666667
72 0.3296875 0.20729166666666668 0.0046875 0.0125
48 0.9171875 0.27708333333333335 0.028125 0.0375
48 0.61875 0.2760416666666667 0.021875 0.014583333333333334
18 0.21015625 0.26145833333333335 0.0265625 0.035416666666666666
18 0.009375 0.3489583333333333 0.01875 0.18333333333333332
74 0.08125 0.3145833333333333 0.1609375 0.17083333333333334
74 0.58203125 0.29583333333333334 0.1921875 0.14791666666666667
18 0.26875 0.2604166666666667 0.0265625 0.01875
18 0.25 0.26145833333333335 0.0171875 0.016666666666666666
18 0.23671875 0.259375 0.0203125 0.029166666666666667
72 0.31171875 0.20729166666666668 0.0078125 0.014583333333333334
72 0.26328125 0.209375 0.0046875 0.008333333333333333
72 0.24921875 0.20625 0.00625 0.010416666666666666
18 0.84140625 0.28125 0.0671875 0.029166666666666667
74 0.80390625 0.253125 0.190625 0.06875
72 0.34921875 0.010416666666666666 0.015625 0.020833333333333332
72 0.2796875 0.21041666666666667 0.009375 0.010416666666666666
72 0.24140625 0.20104166666666667 0.0046875 0.014583333333333334
72 0.25546875 0.20833333333333334 0.003125 0.0125