13 0.46796875 0.16585956416464892 0.1328125 0.33171912832929784
14 0.75078125 0.288135593220339 0.2734375 0.31476997578692495
14 0.96328125 0.21912832929782083 0.0734375 0.37530266343825663
14 0.30625 0.12227602905569007 0.1984375 0.24455205811138014
19 0.88515625 0.5084745762711864 0.1859375 0.07263922518159806
19 0.88984375 0.8147699757869249 0.0921875 0.08716707021791767
19 0.959375 0.7832929782082324 0.08125 0.1016949152542373
19 0.88125 0.7566585956416465 0.071875 0.06053268765133172
19 0.93828125 0.7130750605326877 0.1234375 0.048426150121065374
19 0.88515625 0.7288135593220338 0.2296875 0.31234866828087166
19 0.32734375 0.3692493946731235 0.0453125 0.11380145278450363
19 0.25078125 0.5169491525423728 0.065625 0.13075060532687652
25 0.30390625 0.12590799031476999 0.1921875 0.25181598062953997
61 0.928125 0.09322033898305085 0.14375 0.1864406779661017
61 0.7828125 0.26997578692493945 0.0453125 0.043583535108958835