50 0.2875 0.6268498942917548 0.184375 0.3657505285412262
22 0.38984375 0.5179704016913319 0.2046875 0.21141649048625794
26 0.42109375 0.7621564482029598 0.8421875 0.3488372093023256
48 0.6671875 0.4714587737843552 0.328125 0.6723044397463002
61 0.6546875 0.8002114164904862 0.0515625 0.06765327695560254
17 0.44140625 0.6522198731501057 0.15625 0.13530655391120508
12 0.5015625 0.3298097251585624 0.0859375 0.03171247357293869
77 0.27265625 0.6797040169133193 0.0390625 0.07822410147991543
77 0.33046875 0.7674418604651163 0.0703125 0.10359408033826638
13 0.51015625 0.12473572938689217 0.021875 0.11839323467230443
13 0.525 0.11522198731501057 0.0234375 0.12473572938689217
13 0.56796875 0.11205073995771671 0.05625 0.11416490486257928
25 0.61328125 0.879492600422833 0.0890625 0.10359408033826638
25 0.70546875 0.7875264270613108 0.06875 0.08879492600422834
22 0.06875 0.7040169133192389 0.128125 0.2029598308668076
60 0.85859375 0.19873150105708245 0.1375 0.15010570824524314
48 0.76953125 0.1553911205073996 0.11875 0.30655391120507397
13 0.45703125 0.1331923890063425 0.0265625 0.12896405919661733
13 0.47578125 0.12473572938689217 0.021875 0.1226215644820296
13 0.48984375 0.12050739957716702 0.0234375 0.12684989429175475
13 0.57265625 0.10465116279069768 0.0171875 0.11839323467230443
13 0.540625 0.12896405919661733 0.0171875 0.09090909090909091