13 0.7833333333333333 0.2984375 0.041666666666666664 0.0859375
13 0.7416666666666667 0.2921875 0.0375 0.0328125
13 0.35520833333333335 0.546875 0.03125 0.0765625
51 0.6572916666666667 0.67421875 0.51875 0.621875
13 0.28229166666666666 0.540625 0.025 0.096875
13 0.3104166666666667 0.54921875 0.020833333333333332 0.071875
25 0.7541666666666667 0.33671875 0.05625 0.0546875
14 0.06458333333333334 0.4453125 0.12916666666666668 0.03125
46 0.0625 0.83359375 0.125 0.296875
14 0.07916666666666666 0.103125 0.08125 0.046875
14 0.022916666666666665 0.08984375 0.04375 0.046875
12 0.128125 0.4328125 0.06666666666666667 0.071875
13 0.3260416666666667 0.56953125 0.027083333333333334 0.0390625
13 0.34270833333333334 0.52734375 0.020833333333333332 0.028125
13 0.3 0.5578125 0.016666666666666666 0.05
22 0.8322916666666667 0.8703125 0.23333333333333334 0.259375