18 0.26796875 0.4519906323185012 0.0796875 0.1756440281030445
18 0.95625 0.48360655737704916 0.0875 0.234192037470726
74 0.62734375 0.37822014051522246 0.325 0.5620608899297423
48 0.11171875 0.6334894613583139 0.1640625 0.711943793911007
48 0.46875 0.5515222482435597 0.165625 0.5292740046838408
48 0.85 0.6651053864168618 0.23125 0.629976580796253
65 0.19765625 0.5 0.0859375 1
65 0.3484375 0.4215456674473068 0.10625 0.8384074941451991
65 0.8078125 0.4672131147540984 0.1640625 0.9344262295081968
48 0.13515625 0.3665105386416862 0.040625 0.12646370023419204
18 0.02578125 0.36065573770491804 0.0515625 0.10070257611241218