20 0.371875 0.5353982300884956 0.740625 0.9008849557522124
12 0.0011245234374999999 0.0014968601769911505 0.0000764890625 0.000546104424778761
12 0.8125 0.2973451327433628 0.1328125 0.5185840707964602
12 0.66328125 0.8495575221238938 0.1046875 0.2778761061946903
12 0.7609375 0.8778761061946903 0.071875 0.24424778761061947
12 0.8734375 0.3398230088495575 0.0953125 0.4407079646017699
12 0.934375 0.3070796460176991 0.13125 0.5398230088495575
12 0.001411046875 0.001501762831858407 0.000240503125 0.0005362991150442477
12 0.0013799078124999999 0.0015329946902654867 0.0000982421875 0.0004738353982300885
12 0.79921875 0.8433628318584071 0.09375 0.31327433628318585
12 0.46640625 0.12123893805309735 0.115625 0.23893805309734514
12 0.7375 0.3088495575221239 0.0984375 0.4849557522123894