72 0.90546875 0.08020833333333334 0.0390625 0.14791666666666667
57 0.5078125 0.70625 0.075 0.03333333333333333
2 0.32109375 0.5541666666666667 0.0390625 0.06458333333333334
2 0.55625 0.5364583333333334 0.0203125 0.041666666666666664
2 0.859375 0.51875 0.0390625 0.058333333333333334
2 0.22890625 0.553125 0.0234375 0.03958333333333333
35 0.71328125 0.5427083333333333 0.0328125 0.0625
35 0.521875 0.5166666666666667 0.0265625 0.05416666666666667
35 0.0890625 0.5947916666666667 0.0453125 0.07083333333333333
48 0.5015625 0.575 0.0890625 0.2625
48 0.3828125 0.5979166666666667 0.06875 0.27291666666666664
48 0.11640625 0.634375 0.103125 0.225
48 0.61015625 0.58125 0.0515625 0.2125
48 0.71015625 0.5708333333333333 0.0796875 0.2
48 0.77578125 0.565625 0.0609375 0.19166666666666668
48 0.63203125 0.571875 0.053125 0.20833333333333334
48 0.75546875 0.5416666666666666 0.0484375 0.16458333333333333
48 0.8578125 0.553125 0.06875 0.1875
48 0.1984375 0.5666666666666667 0.0515625 0.125
48 0.15546875 0.5604166666666667 0.03125 0.11666666666666667
48 0.228125 0.565625 0.0375 0.125
9 0.7390625 0.5666666666666667 0.021875 0.09791666666666667
72 0.13515625 0.027083333333333334 0.0609375 0.05416666666666667
2 0.4609375 0.51875 0.015625 0.03125
35 0.8046875 0.546875 0.028125 0.1
72 0.97890625 0.321875 0.0375 0.07291666666666667
48 0.30859375 0.5958333333333333 0.0609375 0.21041666666666667
72 0.14609375 0.421875 0.0359375 0.05
9 0.86328125 0.590625 0.134375 0.11458333333333333