76 0.3578125 0.0794392523364486 0.525 0.14953271028037382
18 0.1265625 0.6320093457943925 0.253125 0.4439252336448598
18 0.90546875 0.21845794392523366 0.1890625 0.1425233644859813
18 0.51171875 0.26869158878504673 0.4234375 0.1939252336448598
18 0.68671875 0.2324766355140187 0.165625 0.15654205607476634
18 0.18125 0.2628504672897196 0.353125 0.19626168224299065
48 0.43203125 0.5268691588785047 0.165625 0.8387850467289719
35 0.525 0.4544392523364486 0.0953125 0.38317757009345793
48 0.115625 0.17523364485981308 0.034375 0.0630841121495327
48 0.1703125 0.2102803738317757 0.0453125 0.04439252336448598
48 0.55546875 0.21962616822429906 0.0328125 0.0514018691588785