13 0.809 0.589095744680851 0.03 0.10904255319148937
13 0.781 0.5784574468085106 0.028 0.13031914893617022
13 0.755 0.5731382978723404 0.032 0.13031914893617022
13 0.58 0.5585106382978723 0.02 0.1196808510638298
13 0.837 0.5957446808510638 0.026 0.08776595744680851
51 0.128 0.6170212765957447 0.252 0.7659574468085106
14 0.678 0.6183510638297872 0.076 0.04521276595744681
42 0.449 0.36436170212765956 0.188 0.14627659574468085
56 0.832 0.6622340425531915 0.094 0.05585106382978723
13 0.563 0.5771276595744681 0.016 0.09042553191489362
40 0.539 0.5252659574468085 0.02 0.0425531914893617
40 0.564 0.5186170212765957 0.022 0.05053191489361702
40 0.56 0.5199468085106383 0.02 0.05319148936170213
40 0.551 0.5226063829787234 0.014 0.04521276595744681
46 0.00091964 0.002020534574468085 0.00065808 0.0012780824468085106
13 0.864 0.5771276595744681 0.022 0.11436170212765957