70 0.63046875 0.703125 0.1453125 0.30833333333333335
70 0.51796875 0.6739583333333333 0.16875 0.2875
70 0.275 0.5729166666666666 0.0796875 0.12708333333333333
56 0.88671875 0.74375 0.14375 0.27291666666666664
56 0.49375 0.690625 0.1546875 0.23958333333333334
56 0.409375 0.66875 0.1171875 0.24375
56 0.334375 0.65625 0.14375 0.225
56 0.25 0.628125 0.121875 0.2375
56 0.16328125 0.6145833333333334 0.0859375 0.23125
56 0.1140625 0.6020833333333333 0.0609375 0.21041666666666667
56 0.796875 0.7510416666666667 0.1640625 0.28541666666666665