50 0.903 0.6906666666666667 0.192 0.42133333333333334
50 0.078 0.6093333333333333 0.068 0.12266666666666666
13 0.509 0.8013333333333333 0.032 0.136
13 0.618 0.7893333333333333 0.032 0.12266666666666666
60 0.495 0.716 0.778 0.36
48 0.415 0.5333333333333333 0.222 0.464
48 0.647 0.6266666666666667 0.236 0.4026666666666667
49 0.691 0.832 0.102 0.058666666666666666
49 0.567 0.944 0.108 0.10933333333333334
41 0.364 0.8413333333333334 0.132 0.22666666666666666
52 0.496 0.9573333333333334 0.04 0.06933333333333333
12 0.714 0.9013333333333333 0.124 0.06933333333333333
12 0.736 0.9466666666666667 0.1 0.05333333333333334
13 0.395 0.368 0.012 0.048
52 0.719 0.8826666666666667 0.064 0.037333333333333336