68 0.29411764705882354 0.38857142857142857 0.04498269896193772 0.16857142857142857
68 0.7093425605536332 0.4442857142857143 0.03460207612456748 0.10285714285714286
68 0.615916955017301 0.19285714285714287 0.02422145328719723 0.07714285714285714
48 0.2698961937716263 0.4785714285714286 0.4013840830449827 0.7142857142857143
48 0.6764705882352942 0.18857142857142858 0.11072664359861592 0.06285714285714286
31 0.8910034602076125 0.8742857142857143 0.02422145328719723 0.07714285714285714
17 0.45674740484429066 0.84 0.3079584775086505 0.22285714285714286
17 0.46539792387543255 0.6185714285714285 0.11764705882352941 0.06857142857142857
48 0.9636678200692042 0.19285714285714287 0.0726643598615917 0.12285714285714286
48 0.0726643598615917 0.49142857142857144 0.1453287197231834 0.7028571428571428
48 0.35121107266435986 0.09857142857142857 0.07958477508650519 0.09714285714285714
48 0.629757785467128 0.1457142857142857 0.1972318339100346 0.2257142857142857
48 0.8027681660899654 0.20714285714285716 0.14186851211072665 0.19714285714285715
48 0.9584775086505191 0.2571428571428571 0.08304498269896193 0.17142857142857143
40 0.5051903114186851 0.5914285714285714 0.02422145328719723 0.04285714285714286
26 0.5 0.8528571428571429 1 0.2914285714285714
48 0.16608996539792387 0.19428571428571428 0.12802768166089964 0.16
50 0.5207612456747405 0.09857142857142857 0.11764705882352941 0.10857142857142857
48 0.41695501730103807 0.19142857142857142 0.09688581314878893 0.19714285714285715
48 0.8737024221453287 0.29 0.17301038062283736 0.21714285714285714
48 0.513840830449827 0.3628571428571429 0.2629757785467128 0.4714285714285714