48 0.16953125 0.6451990632318502 0.1859375 0.47306791569086654
48 0.3578125 0.7552693208430913 0.465625 0.468384074941452
48 0.484375 0.5187353629976581 0.153125 0.6018735362997658
48 0.6953125 0.4929742388758782 0.2703125 0.9859484777517564
48 0.0013084968750000001 0.0011769648711943794 0.0005080078125 0.0023299086651053865
48 0.51875 0.45550351288056207 0.621875 0.7939110070257611
9 0.58515625 0.48009367681498827 0.0734375 0.17798594847775176
28 0.9078125 0.6135831381733021 0.096875 0.09836065573770492
48 0.065625 0.8149882903981265 0.1203125 0.34192037470725994
18 0.60703125 0.3548009367681499 0.0359375 0.11007025761124122
28 0.528125 0.7259953161592506 0.0421875 0.06557377049180328
28 0.21640625 0.6030444964871194 0.03125 0.03747072599531616
48 0.5515625 0.37822014051522246 0.028125 0.2388758782201405
48 0.53671875 0.32084309133489464 0.03125 0.16159250585480095