18 0.7109375 0.7527173913043478 0.35 0.34782608695652173
18 0.10859375 0.7228260869565217 0.0921875 0.26902173913043476
16 0.4875 0.5 0.7546875 0.7445652173913043
48 0.26015625 0.44157608695652173 0.08125 0.125
74 0.071875 0.5461956521739131 0.1421875 0.1875
48 0.690625 0.6494565217391305 0.0421875 0.07336956521739131
68 0.25859375 0.4701086956521739 0.0125 0.059782608695652176
18 0.0014784671875000001 0.0016826413043478261 0.0001680671875 0.00044010054347826084
18 0.88984375 0.6114130434782609 0.059375 0.14130434782608695
18 0.99296875 0.5217391304347826 0.0140625 0.029891304347826088
18 0.91953125 0.5529891304347826 0.0265625 0.02717391304347826