12 0.9239302694136292 0.921875 0.07923930269413629 0.1515625
12 0.6576862123613312 0.9640625 0.08716323296354993 0.071875
12 0.7614896988906498 0.93671875 0.09984152139461172 0.103125
12 0.8098256735340729 0.93984375 0.039619651347068144 0.1203125
12 0.8613312202852615 0.93203125 0.06656101426307448 0.1359375
12 0.8256735340729001 0.9375 0.039619651347068144 0.1234375
77 0.5380348652931854 0.6515625 0.12995245641838352 0.2171875
12 0.001572429477020602 0.001423071875 0.000024713153724247228 0.0002788578125
12 0.9730586370839936 0.91015625 0.03645007923930269 0.159375
12 0.5744849445324881 0.975 0.09984152139461172 0.05
12 0.696513470681458 0.96171875 0.03486529318541997 0.0765625