73 0.3828125 0.6734892787524367 0.765625 0.30409356725146197
73 0.45 0.594541910331384 0.896875 0.31968810916179335
48 0.096875 0.7309941520467836 0.03125 0.1189083820662768
48 0.4625 0.8294346978557505 0.04375 0.12280701754385964
48 0.78203125 0.8313840155945419 0.040625 0.07212475633528265
48 0.81796875 0.8508771929824561 0.034375 0.10721247563352826
48 0.88828125 0.8596491228070176 0.04375 0.09941520467836257
48 0.93125 0.8645224171539961 0.040625 0.1111111111111111
48 0.84375 0.7933723196881092 0.034375 0.07017543859649122
48 0.90390625 0.601364522417154 0.034375 0.1111111111111111
8 0.315625 0.8128654970760234 0.0671875 0.07797270955165692
64 0.7859375 0.8908382066276803 0.0484375 0.05847953216374269
8 0.89375 0.8703703703703703 0.1390625 0.09161793372319688
76 0.4484375 0.8615984405458089 0.0078125 0.04483430799220273
76 0.86171875 0.8927875243664717 0.01875 0.029239766081871343