18 0.8729166666666667 0.75390625 0.2520833333333333 0.1140625
16 0.3645833333333333 0.64609375 0.4083333333333333 0.3109375
72 0.6354166666666666 0.61015625 0.029166666666666667 0.065625
48 0.43125 0.78984375 0.18958333333333333 0.4171875
48 0.121875 0.6796875 0.24375 0.640625
48 0.59375 0.6828125 0.07916666666666666 0.0703125
48 0.653125 0.7390625 0.05416666666666667 0.1578125
48 0.7197916666666667 0.75 0.12916666666666668 0.29375
48 0.8989583333333333 0.7671875 0.13125 0.2515625
48 0.24270833333333333 0.55625 0.027083333333333334 0.015625
48 0.33229166666666665 0.65546875 0.15 0.21875
48 0.46145833333333336 0.5421875 0.0625 0.034375
48 0.5572916666666666 0.6765625 0.03333333333333333 0.0390625
72 0.6041666666666666 0.61953125 0.029166666666666667 0.059375
48 0.5447916666666667 0.8375 0.23958333333333334 0.31875
48 0.8427083333333333 0.7 0.03333333333333333 0.0890625
2 0.30104166666666665 0.828125 0.11875 0.171875
23 0.5114583333333333 0.2796875 0.07916666666666666 0.05625