18 0.33671875 0.5395833333333333 0.6359375 0.3854166666666667
18 0.18125 0.3885416666666667 0.234375 0.13958333333333334
18 0.81875 0.46458333333333335 0.340625 0.30416666666666664
18 0.91171875 0.3572916666666667 0.084375 0.06458333333333334
18 0.64765625 0.375 0.0625 0.08541666666666667
18 0.62578125 0.36770833333333336 0.053125 0.05625
43 0.06171875 0.5166666666666667 0.1234375 0.14583333333333334
48 0.31796875 0.35833333333333334 0.01875 0.029166666666666667
48 0.03515625 0.428125 0.065625 0.18541666666666667
48 0.3765625 0.3458333333333333 0.028125 0.022916666666666665
8 0.665625 0.6875 0.29375 0.32083333333333336
18 0.46875 0.35 0.2015625 0.0625
48 0.2828125 0.3625 0.0140625 0.014583333333333334
48 0.6109375 0.3489583333333333 0.0140625 0.035416666666666666
48 0.65 0.3375 0.00625 0.008333333333333333
18 0.96640625 0.340625 0.028125 0.016666666666666666