22 0.62265625 0.08891213389121339 0.1875 0.16527196652719664
26 0.50078125 0.5324267782426778 0.996875 0.9100418410041841
78 0.50078125 0.14958158995815898 0.128125 0.29707112970711297
31 0.1625 0.696652719665272 0.2421875 0.42677824267782427
40 0.809375 0.3002092050209205 0.29375 0.12761506276150628
61 0.43203125 0.17573221757322174 0.11875 0.058577405857740586
49 0.53515625 0.46234309623430964 0.5703125 0.401673640167364
49 0.1546875 0.16422594142259414 0.30625 0.13179916317991633
48 0.0012772578125 0.0017765585774058578 0.0005704828125 0.0006309853556485356
22 0.84453125 0.12656903765690378 0.23125 0.2405857740585774
22 0.790625 0.04184100418410042 0.1515625 0.0794979079497908
22 0.378125 0.043933054393305436 0.1578125 0.08786610878661087
48 0.1515625 0.06589958158995816 0.303125 0.13179916317991633