48 0.13984375 0.25416666666666665 0.2796875 0.5020833333333333
25 0.7609375 0.053125 0.08125 0.10625
17 0.525 0.6541666666666667 0.2140625 0.3541666666666667
17 0.55234375 0.39166666666666666 0.140625 0.21458333333333332
17 0.3984375 0.4625 0.146875 0.17083333333333334
17 0.3390625 0.6197916666666666 0.1984375 0.2375
17 0.71796875 0.6354166666666666 0.1859375 0.3104166666666667
17 0.2234375 0.45416666666666666 0.221875 0.3104166666666667
17 0.3515625 0.33125 0.16875 0.14166666666666666
17 0.68671875 0.434375 0.1359375 0.16041666666666668
17 0.546875 0.6385416666666667 0.225 0.3145833333333333
26 0.6640625 0.24479166666666666 0.671875 0.44375