21 0.32578125 0.78125 0.115625 0.115625
21 0.1578125 0.21875 0.1265625 0.221875
21 0.871875 0.39375 0.0484375 0.065625
48 0.59453125 0.21875 0.1765625 0.403125
48 0.84609375 0.259375 0.1875 0.465625
48 0.3296875 0.253125 0.15 0.459375
48 0.4 0.0984375 0.159375 0.16875
41 0.86171875 0.70625 0.2140625 0.303125
48 0.10859375 0.340625 0.1984375 0.296875
48 0.628125 0.2703125 0.2375 0.4625
48 0.92421875 0.2171875 0.13125 0.39375
48 0.85078125 0.890625 0.184375 0.178125
48 0.13984375 0.7453125 0.1765625 0.1625
22 0.884375 0.2875 0.0921875 0.25
22 0.94921875 0.3328125 0.0828125 0.221875
22 0.77421875 0.459375 0.046875 0.0625
21 0.6890625 0.7671875 0.10625 0.071875
21 0.90625 0.7890625 0.125 0.2375
21 0.06640625 0.7828125 0.0296875 0.025
48 0.62734375 0.7421875 0.2421875 0.46875
48 0.4015625 0.740625 0.209375 0.471875
22 0.425 0.265625 0.125 0.065625
22 0.44375 0.2375 0.1046875 0.08125
41 0.5765625 0.40625 0.06875 0.0625
48 0.88359375 0.1171875 0.0796875 0.190625
21 0.0359375 0.74375 0.021875 0.03125
21 0.6453125 0.446875 0.0546875 0.090625