36 0.655 0.8050397877984085 0.104 0.22281167108753316
36 0.584 0.8183023872679045 0.05 0.1909814323607427
36 0.185 0.8275862068965517 0.096 0.19363395225464192
48 0.299 0.786472148541114 0.026 0.09283819628647215
48 0.25 0.7931034482758621 0.032 0.09814323607427056
48 0.871 0.8262599469496021 0.03 0.1246684350132626
48 0.849 0.8169761273209549 0.024 0.10344827586206896
48 0.934 0.8541114058355438 0.03 0.09549071618037135
48 0.534 0.7692307692307693 0.03 0.06896551724137931
48 0.7 0.669761273209549 0.036 0.11140583554376658
48 0.911 0.8408488063660478 0.026 0.10610079575596817
76 0.361 0.746684350132626 0.028 0.021220159151193633
76 0.343 0.7546419098143236 0.024 0.015915119363395226
76 0.376 0.746684350132626 0.02 0.01856763925729443
48 0.513 0.7546419098143236 0.018 0.034482758620689655
48 0.895 0.8196286472148541 0.022 0.10875331564986737
48 0.611 0.6790450928381963 0.054 0.050397877984084884
48 0.083 0.7082228116710876 0.07 0.10079575596816977
48 0.938 0.8103448275862069 0.032 0.042440318302387266