48 0.46875 0.503125 0.0421875 0.07083333333333333
48 0.3796875 0.521875 0.0609375 0.05625
48 0.82890625 0.425 0.0234375 0.0875
48 0.90078125 0.5052083333333334 0.0375 0.125
48 0.265625 0.48333333333333334 0.053125 0.12291666666666666
5 0.88828125 0.5020833333333333 0.009375 0.0125
5 0.8375 0.43333333333333335 0.009375 0.010416666666666666
22 0.36171875 0.18333333333333332 0.00625 0.0125
22 0.3625 0.11875 0.0109375 0.010416666666666666
22 0.36796875 0.12708333333333333 0.00625 0.004166666666666667
22 0.3515625 0.13125 0.009375 0.00625
22 0.34140625 0.13125 0.009375 0.00625
22 0.3953125 0.11770833333333333 0.0109375 0.008333333333333333
22 0.35625 0.12083333333333333 0.009375 0.00625
22 0.44296875 0.11666666666666667 0.00625 0.00625
22 0.4453125 0.13229166666666667 0.009375 0.00625
22 0.2109375 0.1125 0.009375 0.008333333333333333
22 0.23046875 0.11041666666666666 0.009375 0.00625
48 0.46484375 0.19375 0.0125 0.01875
48 0.48515625 0.20416666666666666 0.0078125 0.010416666666666666
48 0.4296875 0.21354166666666666 0.009375 0.010416666666666666
48 0.96796875 0.09270833333333334 0.0171875 0.027083333333333334
48 0.6171875 0.20729166666666668 0.0109375 0.01875
48 0.23828125 0.190625 0.0125 0.01875
22 0.33046875 0.11666666666666667 0.0078125 0.00625
48 0.2875 0.1875 0.0140625 0.025
22 0.27578125 0.125 0.0125 0.00625
48 0.53125 0.16666666666666666 0.0140625 0.03125