13 0.4828125 0.2760416666666667 0.1140625 0.49166666666666664
26 0.5 0.6260416666666667 1 0.71875
78 0.3140625 0.36666666666666664 0.15 0.39166666666666666
61 0.6921875 0.7572916666666667 0.2828125 0.20208333333333334
15 0.2984375 0.7416666666666667 0.1375 0.225
15 0.4484375 0.678125 0.1015625 0.09375
15 0.57578125 0.7677083333333333 0.084375 0.08958333333333333
15 0.56796875 0.6114583333333333 0.109375 0.09583333333333334
15 0.44140625 0.5677083333333334 0.090625 0.05
15 0.384375 0.809375 0.125 0.12708333333333333
22 0.153125 0.26458333333333334 0.30625 0.27291666666666664