9 0.82890625 0.45 0.1484375 0.16111111111111112
9 0.4328125 0.25833333333333336 0.0375 0.19722222222222222
9 0.01484375 0.12777777777777777 0.025 0.07222222222222222
18 0.490625 0.12222222222222222 0.09375 0.07777777777777778
43 0.31953125 0.29305555555555557 0.31875 0.5583333333333333
43 0.54765625 0.5 0.6546875 1
43 0.25234375 0.22777777777777777 0.2609375 0.45555555555555555
48 0.08671875 0.11388888888888889 0.0328125 0.13055555555555556
48 0.83203125 0.17083333333333334 0.1125 0.20555555555555555
48 0.11015625 0.10694444444444444 0.028125 0.14166666666666666
48 0.6484375 0.125 0.0171875 0.08611111111111111
35 0.43046875 0.15138888888888888 0.028125 0.10277777777777777
48 0.665625 0.12083333333333333 0.0078125 0.075
48 0.696875 0.11527777777777778 0.0234375 0.06666666666666667
48 0.13125 0.10555555555555556 0.0203125 0.12777777777777777
48 0.42421875 0.1736111111111111 0.0578125 0.25833333333333336
48 0.153125 0.07361111111111111 0.03125 0.06388888888888888
48 0.5265625 0.0875 0.0109375 0.025
48 0.09453125 0.10694444444444444 0.0140625 0.11944444444444445
48 0.7484375 0.14722222222222223 0.0296875 0.1111111111111111
9 0.17265625 0.1736111111111111 0.065625 0.10277777777777777
9 0.71484375 0.15555555555555556 0.0453125 0.05555555555555555
9 0.1546875 0.15416666666666667 0.0375 0.06388888888888888
9 0.746875 0.1638888888888889 0.0484375 0.08333333333333333
48 0.1 0.08611111111111111 0.009375 0.07222222222222222
9 0.6609375 0.14027777777777778 0.046875 0.06388888888888888