55 0.00047373125 0.0017672459016393443 0.0008245125000000001 0.0011493512880562061
55 0.65546875 0.5386416861826698 0.253125 0.4613583138173302
55 0.8296875 0.45433255269320844 0.121875 0.4637002341920375
55 0.61953125 0.5398126463700235 0.15625 0.36065573770491804
55 0.59765625 0.3805620608899297 0.1359375 0.10070257611241218
55 0.3171875 0.39344262295081966 0.1734375 0.4613583138173302
48 0.43359375 0.5784543325526932 0.240625 0.8430913348946136
48 0.740625 0.4238875878220141 0.134375 0.6627634660421545
48 0.8484375 0.3548009367681499 0.1734375 0.6955503512880562
48 0.60859375 0.2189695550351288 0.1921875 0.42857142857142855
48 0.83203125 0.10655737704918032 0.1453125 0.21311475409836064
48 0.04609375 0.16510538641686182 0.0921875 0.33021077283372363
48 0.28984375 0.11475409836065574 0.06875 0.22950819672131148
48 0.3484375 0.30327868852459017 0.1328125 0.5386416861826698
55 0.0328125 0.446135831381733 0.065625 0.3325526932084309
48 0.17265625 0.4637002341920375 0.26875 0.9180327868852459