13 0.7859375 0.2861111111111111 0.0421875 0.1638888888888889
26 0.44609375 0.7347222222222223 0.8890625 0.5055555555555555
45 0.72890625 0.40555555555555556 0.0875 0.12777777777777777
19 0.4046875 0.3375 0.4234375 0.32222222222222224
19 0.50390625 0.5638888888888889 0.3703125 0.1361111111111111
19 0.4953125 0.45416666666666666 0.3453125 0.1388888888888889
56 0.8765625 0.3972222222222222 0.2125 0.058333333333333334
45 0.62890625 0.42777777777777776 0.0859375 0.17777777777777778
19 0.575 0.6416666666666667 0.2578125 0.11944444444444445
19 0.45859375 0.38333333333333336 0.15625 0.08333333333333333
19 0.4875 0.39444444444444443 0.11875 0.07777777777777778
19 0.540625 0.525 0.1140625 0.03888888888888889