18 0.08359375 0.5435294117647059 0.1671875 0.12941176470588237
16 0.4484375 0.46705882352941175 0.578125 0.6611764705882353
48 0.13828125 0.49411764705882355 0.0265625 0.06588235294117648
18 0.04921875 0.68 0.0984375 0.17647058823529413
48 0.1625 0.5035294117647059 0.0140625 0.03529411764705882
48 0.01953125 0.4682352941176471 0.021875 0.02823529411764706
48 0.85859375 0.5352941176470588 0.0078125 0.03529411764705882
48 0.9 0.528235294117647 0.009375 0.023529411764705882
48 0.15546875 0.508235294117647 0.0109375 0.02588235294117647
48 0.84921875 0.5247058823529411 0.0046875 0.018823529411764704
48 0.40546875 0.4082352941176471 0.0203125 0.021176470588235293