48 0.5328125 0.563231850117096 0.3125 0.8407494145199064
8 0.8421875 0.6779859484777517 0.0453125 0.08665105386416862
8 0.09765625 0.7552693208430913 0.1953125 0.1358313817330211
57 0.51328125 0.7388758782201406 0.26875 0.4238875878220141
48 0.7484375 0.6053864168618267 0.0140625 0.06088992974238876
48 0.77109375 0.6065573770491803 0.0125 0.06088992974238876
48 0.81328125 0.5913348946135831 0.009375 0.03044496487119438
8 0.19140625 0.6756440281030445 0.103125 0.0585480093676815
8 0.3671875 0.6978922716627635 0.0796875 0.06791569086651054
8 0.27734375 0.6885245901639344 0.103125 0.06323185011709602
48 0.728125 0.6088992974238876 0.0171875 0.05152224824355972
48 0.82421875 0.5866510538641686 0.0078125 0.0351288056206089
26 0.07421875 0.7072599531615925 0.1484375 0.13114754098360656
26 0.3234375 0.6323185011709602 0.115625 0.00936768149882904
26 0.32265625 0.6756440281030445 0.115625 0.10304449648711944
26 0.15078125 0.6217798594847775 0.121875 0.00702576112412178