22 0.2109375 0.8552083333333333 0.175 0.25416666666666665
22 0.08203125 0.8416666666666667 0.159375 0.28958333333333336
22 0.05390625 0.7520833333333333 0.10625 0.175
48 0.378125 0.42291666666666666 0.1921875 0.22708333333333333
48 0.26015625 0.40625 0.0796875 0.14166666666666666
48 0.02109375 0.3885416666666667 0.040625 0.1625
25 0.4359375 0.6145833333333334 0.040625 0.07916666666666666
25 0.1609375 0.5 0.028125 0.04375
25 0.58203125 0.6635416666666667 0.028125 0.05416666666666667
25 0.3140625 0.5479166666666667 0.021875 0.03958333333333333
31 0.2640625 0.6 0.0796875 0.03958333333333333
31 0.53671875 0.7583333333333333 0.096875 0.058333333333333334
61 0.6765625 0.834375 0.1015625 0.06666666666666667
61 0.3234375 0.6385416666666667 0.0796875 0.035416666666666666
61 0.71796875 0.6958333333333333 0.0671875 0.01875
26 0.7 0.8083333333333333 0.5984375 0.3645833333333333
26 0.221875 0.6552083333333333 0.3625 0.33541666666666664
26 0.096875 0.5208333333333334 0.19375 0.3125
26 0.38359375 0.7697916666666667 0.4109375 0.4375
78 0.18671875 0.47604166666666664 0.021875 0.07083333333333333
25 0.23359375 0.5145833333333333 0.03125 0.04791666666666667
25 0.1015625 0.42916666666666664 0.0390625 0.052083333333333336
25 0.11484375 0.3958333333333333 0.0125 0.014583333333333334
40 0.6734375 0.8322916666666667 0.128125 0.05625
40 0.7203125 0.7041666666666667 0.096875 0.0375
40 0.328125 0.6375 0.1015625 0.027083333333333334
78 0.11640625 0.41041666666666665 0.0140625 0.04375
78 0.2078125 0.459375 0.0203125 0.0625
25 0.6015625 0.6614583333333334 0.0296875 0.05625
25 0.33203125 0.5427083333333333 0.0203125 0.03958333333333333
25 0.0625 0.4114583333333333 0.0171875 0.0125
25 0.83046875 0.784375 0.0609375 0.09791666666666667
25 0.05859375 0.4395833333333333 0.0203125 0.035416666666666666
25 0.2625 0.484375 0.025 0.0375
31 0.49453125 0.6020833333333333 0.0703125 0.016666666666666666
31 0.87734375 0.7479166666666667 0.0375 0.022916666666666665
50 0.04296875 0.28541666666666665 0.059375 0.15208333333333332
60 0.2375 0.40208333333333335 0.053125 0.08541666666666667
60 0.7265625 0.5916666666666667 0.5453125 0.375