72 0.7928921568627451 0.07 0.022058823529411766 0.036
72 0.6237745098039216 0.079 0.01715686274509804 0.022
47 0.30392156862745096 0.405 0.2622549019607843 0.534
18 0.5735294117647058 0.321 0.16176470588235295 0.318
18 0.5306372549019608 0.252 0.1053921568627451 0.152
18 0.9276960784313726 0.57 0.14460784313725492 0.562
18 0.4730392156862745 0.26 0.051470588235294115 0.13
48 0.1568627450980392 0.248 0.03676470588235294 0.14
18 0.4632352941176471 0.205 0.06862745098039216 0.042
74 0.7990196078431373 0.372 0.4019607843137255 0.546
72 0.48284313725490197 0.155 0.022058823529411766 0.022