24 0.72890625 0.8173302107728337 0.0625 0.08899297423887588
24 0.80390625 0.8138173302107728 0.0421875 0.07494145199063232
24 0.86171875 0.8032786885245902 0.0703125 0.07494145199063232
24 0.54375 0.7903981264637002 0.0578125 0.06557377049180328
24 0.2046875 0.819672131147541 0.13125 0.11241217798594848
24 0.04296875 0.8138173302107728 0.0828125 0.117096018735363
24 0.3578125 0.797423887587822 0.0734375 0.08430913348946135
24 0.4515625 0.7939110070257611 0.034375 0.06088992974238876
24 0.115625 0.8067915690866511 0.05625 0.09133489461358314
24 0.65546875 0.7927400468384075 0.078125 0.0702576112412178
24 0.5109375 0.7868852459016393 0.0265625 0.06088992974238876
24 0.42578125 0.788056206088993 0.021875 0.05620608899297424
24 0.15390625 0.810304449648712 0.0921875 0.11007025761124122