48 0.4648711943793911 0.5234375 0.9297423887587822 0.934375
48 0.9531615925058547 0.46328125 0.0936768149882904 0.1921875
48 0.23536299765807964 0.44375 0.18032786885245902 0.2046875
48 0.1721311475409836 0.4609375 0.08196721311475409 0.1203125
25 0.9168618266978923 0.69609375 0.16627634660421545 0.2890625
25 0.39227166276346603 0.94609375 0.16393442622950818 0.10625
25 0.03864168618266979 0.6484375 0.07728337236533958 0.265625
37 0.5690866510538641 0.68125 0.30679156908665106 0.071875
22 0.12412177985948478 0.5984375 0.11007025761124122 0.1875
22 0.09718969555035128 0.47109375 0.10772833723653395 0.0921875
14 0.38875878220140514 0.946875 0.1522248243559719 0.1015625
53 0.6018735362997658 0.68125 0.3442622950819672 0.0765625
37 0.7435597189695551 0.6796875 0.05620608899297424 0.03125