22 0.4609375 0.10655737704918032 0.365625 0.21311475409836064
26 0.52734375 0.5819672131147541 0.9453125 0.8126463700234192
25 0.37890625 0.8747072599531616 0.1625 0.2505854800936768
61 0.54296875 0.275175644028103 0.025 0.08196721311475409
14 0.55546875 0.3149882903981265 0.190625 0.1053864168618267
14 0.8078125 0.43559718969555034 0.234375 0.14754098360655737
37 0.49921875 0.46955503512880564 0.1828125 0.05620608899297424
37 0.509375 0.41569086651053866 0.2078125 0.05620608899297424
22 0.03125 0.4426229508196721 0.059375 0.4309133489461358
12 0.8609375 0.8957845433255269 0.278125 0.1873536299765808
22 0.00010129374999999999 0.0019441241217798596 0.00020205 0.0007955948477751756
37 0.4953125 0.373536299765808 0.1296875 0.01873536299765808
37 0.29140625 0.5761124121779859 0.2171875 0.1358313817330211