36 0.74140625 0.5020833333333333 0.375 0.3958333333333333
55 0.4953125 0.19166666666666668 0.059375 0.06875
55 0.60625 0.19375 0.0390625 0.08125
48 0.265625 0.4166666666666667 0.0796875 0.30625
36 0.209375 0.5270833333333333 0.303125 0.40208333333333335
55 0.20390625 0.12291666666666666 0.059375 0.04375
55 0.54921875 0.019791666666666666 0.0234375 0.022916666666666665
55 0.1703125 0.27395833333333336 0.0859375 0.0625
55 0.41171875 0.23854166666666668 0.05625 0.0375
55 0.59375 0.026041666666666668 0.0296875 0.022916666666666665
48 0.76484375 0.37083333333333335 0.090625 0.3229166666666667