13 0.97265625 0.3277777777777778 0.01875 0.10277777777777777
13 0.9890625 0.31805555555555554 0.0203125 0.12222222222222222
13 0.61484375 0.3138888888888889 0.0234375 0.12222222222222222
48 0.3890625 0.7069444444444445 0.346875 0.33055555555555555
25 0.31484375 0.27361111111111114 0.0390625 0.044444444444444446
14 0.06015625 0.525 0.1046875 0.11388888888888889
46 0.565625 0.6416666666666667 0.1828125 0.46111111111111114
40 0.575 0.30972222222222223 0.01875 0.041666666666666664
40 0.58515625 0.32083333333333336 0.01875 0.044444444444444446
48 0.78359375 0.44166666666666665 0.20625 0.8833333333333333
48 0.703125 0.525 0.115625 0.6861111111111111
40 0.584375 0.30833333333333335 0.021875 0.044444444444444446
25 0.31171875 0.3125 0.05 0.04722222222222222