48 0.4234375 0.47306791569086654 0.3546875 0.8126463700234192
8 0.55078125 0.5573770491803278 0.85625 0.5784543325526932
67 0.446875 0.5070257611241218 0.134375 0.34894613583138173
67 0.5046875 0.6463700234192038 0.9046875 0.5901639344262295
2 0.66484375 0.8009367681498829 0.36875 0.25526932084309134
25 0.38203125 0.8313817330210773 0.0375 0.0585480093676815
25 0.42265625 0.8348946135831382 0.05625 0.05152224824355972
48 0.9640625 0.05620608899297424 0.0703125 0.10772833723653395
48 0.89765625 0.05152224824355972 0.0671875 0.10304449648711944
48 0.7921875 0.05269320843091335 0.06875 0.10304449648711944
48 0.421875 0.04332552693208431 0.1390625 0.08665105386416862
48 0.28515625 0.03981264637002342 0.121875 0.07962529274004684
48 0.12890625 0.0585480093676815 0.090625 0.117096018735363
48 0.97578125 0.5468384074941453 0.0484375 0.7072599531615925
48 0.05 0.4484777517564403 0.09375 0.8875878220140515
2 0.08359375 0.6838407494145199 0.121875 0.2224824355971897
13 0.94609375 0.8290398126463701 0.0703125 0.04918032786885246