68 0.70546875 0.5407925407925408 0.0265625 0.14685314685314685
68 0.35234375 0.5524475524475524 0.0375 0.16783216783216784
60 0.47734375 0.7086247086247086 0.7765625 0.47785547785547783
48 0.3265625 0.6631701631701632 0.2015625 0.6736596736596736
48 0.7 0.6445221445221445 0.171875 0.5990675990675991
48 0.06171875 0.6398601398601399 0.1234375 0.6153846153846154
48 0.0015090703125 0.0015625058275058276 0.00010686093749999998 0.001194244755244755
14 0.8125 0.6561771561771562 0.0359375 0.02097902097902098
26 0.8546875 0.8088578088578089 0.2421875 0.3822843822843823
14 0.45703125 0.6503496503496503 0.0390625 0.05128205128205128
26 0.47421875 0.831002331002331 0.240625 0.3356643356643357
25 0.81328125 0.6328671328671329 0.034375 0.03263403263403263