27 0.51796875 0.403125 0.246875 0.15416666666666667
55 0.0007662109375 0.0018643020833333335 0.0005057125 0.00043806458333333335
55 0.60390625 0.9072916666666667 0.25 0.15416666666666667
55 0.809375 0.9197916666666667 0.2875 0.14166666666666666
55 0.78828125 0.8229166666666666 0.3515625 0.1375
55 0.6609375 0.6052083333333333 0.1890625 0.07708333333333334
55 0.57578125 0.7677083333333333 0.2640625 0.08333333333333333
55 0.87265625 0.5552083333333333 0.253125 0.0875
55 0.88203125 0.63125 0.2359375 0.11875
55 0.21328125 0.8604166666666667 0.3078125 0.25625
55 0.7109375 0.721875 0.2796875 0.08333333333333333
55 0.24765625 0.7260416666666667 0.2796875 0.125
55 0.6765625 0.6770833333333334 0.325 0.11041666666666666
55 0.0001478765625 0.00199856875 0.000288671875 0.00016953125