18 0.15 0.9163179916317992 0.3 0.16736401673640167
18 0.9859375 0.606694560669456 0.028125 0.08368200836820083
16 0.48203125 0.4393305439330544 0.853125 0.5334728033472803
48 0.4765625 0.3284518828451883 0.028125 0.08786610878661087
48 0.74765625 0.34414225941422594 0.04375 0.09205020920502092
48 0.81328125 0.5596234309623431 0.040625 0.08577405857740586
48 0.6765625 0.5774058577405857 0.040625 0.05439330543933055
48 0.534375 0.5826359832635983 0.0328125 0.058577405857740586
48 0.19609375 0.5669456066945606 0.06875 0.1297071129707113
18 0.0703125 0.6223849372384938 0.140625 0.16317991631799164
48 0.3484375 0.3138075313807531 0.0390625 0.09832635983263599
48 0.728125 0.555439330543933 0.040625 0.06485355648535565
48 0.63671875 0.5847280334728033 0.0421875 0.04602510460251046