36 0.73984375 0.5673076923076923 0.4875 0.8365384615384616
48 0.553125 0.7944711538461539 0.090625 0.3004807692307692
48 0.7 0.41225961538461536 0.14375 0.4375
48 0.2625 0.30408653846153844 0.1015625 0.25
48 0.1859375 0.8100961538461539 0.11875 0.2692307692307692
48 0.428125 0.36538461538461536 0.078125 0.18269230769230768
48 0.03359375 0.5528846153846154 0.0671875 0.29086538461538464
48 0.78984375 0.2776442307692308 0.0828125 0.23076923076923078
48 0.19765625 0.546875 0.0953125 0.31490384615384615
48 0.37890625 0.26802884615384615 0.0875 0.22355769230769232
48 0.3953125 0.7884615384615384 0.11875 0.31490384615384615
48 0.4984375 0.5360576923076923 0.0859375 0.31490384615384615
48 0.47734375 0.35697115384615385 0.0671875 0.22355769230769232
22 0.44765625 0.7560096153846154 0.0515625 0.15144230769230768
22 0.303125 0.75 0.153125 0.16346153846153846
22 0.5609375 0.7487980769230769 0.1890625 0.15384615384615385
48 0.42109375 0.5348557692307693 0.1 0.27163461538461536