48 0.8515625 0.8266978922716628 0.23125 0.3185011709601874
48 0.4734375 0.32903981264637 0.1765625 0.3255269320843091
21 0.3078125 0.3793911007025761 0.0546875 0.03981264637002342
21 0.8140625 0.2857142857142857 0.3171875 0.3770491803278688
21 0.0890625 0.7236533957845434 0.153125 0.4238875878220141
21 0.47421875 0.16393442622950818 0.0171875 0.04449648711943794
21 0.49296875 0.16276346604215455 0.01875 0.0468384074941452
21 0.8453125 0.6475409836065574 0.0171875 0.04449648711943794
21 0.88203125 0.6440281030444965 0.01875 0.04449648711943794
21 0.28671875 0.724824355971897 0.15 0.41920374707259955
21 0.45703125 0.15807962529274006 0.0140625 0.02810304449648712
48 0.209375 0.25175644028103045 0.25625 0.351288056206089
48 0.57421875 0.7353629976580797 0.196875 0.3793911007025761
21 0.63203125 0.819672131147541 0.0359375 0.04215456674473068
21 0.865625 0.6463700234192038 0.0171875 0.04449648711943794
21 0.82578125 0.594847775175644 0.01875 0.04918032786885246
21 0.4921875 0.9156908665105387 0.028125 0.01873536299765808