68 0.22578125 0.4562363238512035 0.01875 0.08315098468271334
26 0.7 0.799781181619256 0.3921875 0.38074398249452956
48 0.000730871875 0.0016043654266958425 0.00022585468750000001 0.0011676389496717724
48 0.53515625 0.4912472647702407 0.19375 0.4310722100656455
48 0.9296875 0.6050328227571116 0.1390625 0.7417943107221007
48 0.465625 0.4059080962800875 0.11875 0.3610503282275711
14 0.71796875 0.7396061269146609 0.0609375 0.04814004376367615
14 0.63046875 0.7396061269146609 0.0671875 0.05908096280087528
14 0.77109375 0.6553610503282276 0.0765625 0.07439824945295405
48 0.8046875 0.4912472647702407 0.1140625 0.3304157549234136
68 0.953125 0.35776805251641136 0.0234375 0.0175054704595186
14 0.5734375 0.7297592997811816 0.0625 0.04814004376367615
14 0.75859375 0.7330415754923414 0.0453125 0.024070021881838075
14 0.70078125 0.6695842450765864 0.0765625 0.08096280087527352
14 0.6640625 0.7231947483588621 0.0703125 0.03938730853391685
14 0.80859375 0.5426695842450766 0.0671875 0.1050328227571116
48 0.209375 0.6477024070021882 0.171875 0.7045951859956237
48 0.71015625 0.42669584245076586 0.1359375 0.2735229759299781
14 0.76640625 0.7045951859956237 0.0515625 0.030634573304157548
14 0.5875 0.7013129102844639 0.071875 0.02188183807439825
14 0.671875 0.6969365426695843 0.0578125 0.024070021881838075
22 0.8921875 0.7866520787746171 0.015625 0.05470459518599562
46 0.33984375 0.6783369803063457 0.140625 0.22319474835886213