18 0.15625 0.3231850117096019 0.078125 0.03747072599531616
18 0.6890625 0.3149882903981265 0.0453125 0.0234192037470726
18 0.29375 0.30679156908665106 0.0296875 0.03747072599531616
18 0.27265625 0.30327868852459017 0.0171875 0.02810304449648712
18 0.5953125 0.3185011709601874 0.0578125 0.01405152224824356
18 0.25390625 0.30327868852459017 0.028125 0.0234192037470726
18 0.240625 0.3161592505854801 0.1203125 0.03044496487119438
48 0.35625 0.6088992974238876 0.240625 0.6651053864168618
48 0.50234375 0.6217798594847775 0.18125 0.5995316159250585
48 0.62890625 0.6252927400468384 0.246875 0.6557377049180327
48 0.1046875 0.2997658079625293 0.028125 0.05152224824355972
8 0.384375 0.6604215456674473 0.76875 0.4215456674473068
72 0.30546875 0.18501170960187355 0.009375 0.02576112412177986
72 0.38828125 0.25878220140515223 0.0125 0.01873536299765808
72 0.45625 0.18149882903981265 0.01875 0.03747072599531616
72 0.6078125 0.2728337236533958 0.0125 0.02107728337236534
8 0.1625 0.3793911007025761 0.090625 0.08665105386416862
2 0.76328125 0.5269320843091335 0.065625 0.15690866510538642
2 0.26171875 0.6569086651053864 0.121875 0.20140515222482436
35 0.53125 0.5023419203747073 0.059375 0.10304449648711944
35 0.63203125 0.5491803278688525 0.0671875 0.06791569086651054
48 0.04609375 0.30679156908665106 0.028125 0.07728337236533958
18 0.15859375 0.2962529274004684 0.0453125 0.02107728337236534
48 0.06796875 0.30562060889929743 0.025 0.08196721311475409