13 0.421875 0.58515625 0.0375 0.0703125
48 0.17291666666666666 0.51953125 0.21666666666666667 0.4609375
48 0.31666666666666665 0.37265625 0.125 0.2390625
48 0.04479166666666667 0.40390625 0.075 0.328125
48 0.13229166666666667 0.3265625 0.06875 0.1359375
48 0.3697916666666667 0.28125 0.022916666666666665 0.0359375
35 0.11145833333333334 0.44375 0.10208333333333333 0.1390625
48 0.3541666666666667 0.2875 0.0375 0.05
48 0.51875 0.54375 0.28125 0.7953125
48 0.44166666666666665 0.275 0.03333333333333333 0.0328125
48 0.390625 0.31171875 0.0375 0.0890625
48 0.42291666666666666 0.2796875 0.027083333333333334 0.0453125
65 0.65625 0.6546875 0.2520833333333333 0.603125