61 0.33671875 0.65625 0.4265625 0.33125
14 0.001471509375 0.0019624791666666666 0.0001819828125 0.00023589375
19 0.55 0.49895833333333334 0.05 0.10208333333333333
19 0.57890625 0.44166666666666665 0.0546875 0.11041666666666666
19 0.71015625 0.609375 0.0828125 0.04583333333333333
19 0.76484375 0.5833333333333334 0.03125 0.0875
19 0.3671875 0.3729166666666667 0.14375 0.07916666666666666
19 0.5578125 0.5885416666666666 0.0578125 0.08125
19 0.62890625 0.390625 0.1 0.11041666666666666
19 0.7609375 0.6677083333333333 0.1375 0.12291666666666666
19 0.5015625 0.36041666666666666 0.103125 0.04375
19 0.56484375 0.6385416666666667 0.071875 0.0375
19 0.4796875 0.7364583333333333 0.0671875 0.025
26 0.5 0.7770833333333333 1 0.4083333333333333
26 0.51796875 0.44583333333333336 0.8296875 0.34791666666666665
19 0.70859375 0.421875 0.04375 0.08125
19 0.41875 0.3802083333333333 0.065625 0.06666666666666667