2 0.7072072072072072 0.748 0.3033033033033033 0.224
35 0.4924924924924925 0.774 0.13813813813813813 0.148
64 0.38288288288288286 0.646 0.27927927927927926 0.156
64 0.4039039039039039 0.557 0.16516516516516516 0.096
48 0.5975975975975976 0.587 0.24624624624624625 0.204
48 0.8468468468468469 0.516 0.23723723723723725 0.352
48 0.25675675675675674 0.488 0.25225225225225223 0.324
48 0.14414414414414414 0.689 0.23123123123123124 0.224
48 0.918918918918919 0.341 0.11411411411411411 0.108
48 0.5720720720720721 0.444 0.13213213213213212 0.08
48 0.14864864864864866 0.343 0.14114114114114115 0.12
48 0.7042042042042042 0.894 0.37537537537537535 0.184
48 0.509009009009009 0.437 0.17117117117117117 0.118
48 0.9234234234234234 0.684 0.15315315315315314 0.304
2 0.12162162162162163 0.142 0.1891891891891892 0.132
2 0.49099099099099097 0.344 0.08408408408408409 0.084
64 0.24174174174174173 0.133 0.10510510510510511 0.064
64 0.8123123123123123 0.132 0.11711711711711711 0.062
22 0.10510510510510511 0.747 0.21021021021021022 0.342
22 0.1036036036036036 0.515 0.2042042042042042 0.244
22 0.8348348348348348 0.525 0.23423423423423423 0.29
22 0.972972972972973 0.457 0.04804804804804805 0.138
22 0.18018018018018017 0.426 0.08408408408408409 0.06
48 0.2987987987987988 0.303 0.0960960960960961 0.062
48 0.3978978978978979 0.39 0.1831831831831832 0.18
2 0.9459459459459459 0.101 0.10810810810810811 0.13
64 0.3213213213213213 0.78 0.25225225225225223 0.232
64 0.30930930930930933 0.146 0.03903903903903904 0.05
48 0.6006006006006006 0.317 0.1111111111111111 0.158
2 0.8723723723723724 0.151 0.08108108108108109 0.108
35 0.8588588588588588 0.571 0.18618618618618618 0.102
2 0.5 0.769 0.12912912912912913 0.142