27 0.58828125 0.7704918032786885 0.309375 0.30679156908665106
48 0.22578125 0.4894613583138173 0.0984375 0.6276346604215457
48 0.46484375 0.5163934426229508 0.2546875 0.8220140515222483
48 0.08984375 0.5128805620608899 0.1046875 0.405152224824356
48 0.14609375 0.405152224824356 0.0703125 0.3114754098360656
48 0.034375 0.4309133489461358 0.0609375 0.3559718969555035
48 0.89296875 0.4918032786885246 0.11875 0.45901639344262296
48 0.74296875 0.3126463700234192 0.059375 0.17330210772833723
48 0.53515625 0.4449648711943794 0.040625 0.35362997658079626
48 0.6125 0.4309133489461358 0.140625 0.4098360655737705
35 0.928125 0.5843091334894613 0.059375 0.15690866510538642
35 0.2640625 0.41100702576112413 0.01875 0.07259953161592506
64 0.12890625 0.6604215456674473 0.1609375 0.2154566744730679
48 0.76875 0.49063231850117095 0.1296875 0.5269320843091335
35 0.7140625 0.43208430913348944 0.0609375 0.1592505854800937
35 0.7515625 0.5936768149882904 0.0609375 0.1288056206088993
35 0.815625 0.40046838407494145 0.046875 0.1522248243559719