9 0.946875 0.7775 0.0296875 0.0825
73 0.51796875 0.6825 0.809375 0.3475
48 0.98203125 0.7775 0.0359375 0.23
48 0.95234375 0.71875 0.04375 0.1525
48 0.62578125 0.65 0.03125 0.045
48 0.678125 0.6475 0.0171875 0.0375
48 0.69375 0.67875 0.0234375 0.1125
48 0.7671875 0.65 0.0234375 0.055
48 0.79765625 0.65 0.0125 0.045
48 0.88359375 0.65125 0.0203125 0.035
72 0.23828125 0.36 0.1171875 0.275
48 0.4828125 0.64875 0.0125 0.0425
48 0.38125 0.61625 0.0375 0.0475
48 0.65390625 0.685 0.01875 0.1225
48 0.99296875 0.75 0.0140625 0.1125