13 0.275 0.7617370892018779 0.028125 0.11737089201877934
9 0.76015625 0.4518779342723005 0.0828125 0.09624413145539906
76 0.78203125 0.2981220657276995 0.13125 0.08215962441314555
76 0.62890625 0.323943661971831 0.08125 0.04225352112676056
76 0.96953125 0.3345070422535211 0.059375 0.03051643192488263
72 0.80625 0.15140845070422534 0.021875 0.06807511737089202
72 0.97421875 0.09741784037558686 0.0390625 0.107981220657277
35 0.98671875 0.40492957746478875 0.0265625 0.06338028169014084
48 0.65390625 0.5586854460093896 0.153125 0.42488262910798125
48 0.50703125 0.3532863849765258 0.0140625 0.028169014084507043
48 0.85390625 0.43309859154929575 0.059375 0.19718309859154928
48 0.97734375 0.41784037558685444 0.0453125 0.14788732394366197
48 0.18125 0.6068075117370892 0.221875 0.755868544600939
48 0.084375 0.5516431924882629 0.0796875 0.5422535211267606
48 0.0640625 0.36384976525821594 0.0296875 0.07276995305164319
48 0.26640625 0.49178403755868544 0.0703125 0.36619718309859156
48 0.89921875 0.4307511737089202 0.0328125 0.1643192488262911
48 0.028125 0.5035211267605634 0.0515625 0.3380281690140845
48 0.81171875 0.41784037558685444 0.03125 0.1643192488262911
9 0.9296875 0.42370892018779344 0.0359375 0.03286384976525822
72 0.00625 0.20892018779342722 0.0125 0.051643192488262914
72 0.79296875 0.15375586854460094 0.0125 0.06807511737089202
48 0.5421875 0.3544600938967136 0.0109375 0.03051643192488263
18 0.71015625 0.39906103286384975 0.0984375 0.05868544600938967
18 0.38359375 0.3779342723004695 0.0859375 0.03755868544600939
43 0.65625 0.7276995305164319 0.1421875 0.42488262910798125
72 0.2265625 0.2112676056338028 0.0140625 0.0539906103286385
48 0.78125 0.3873239436619718 0.0140625 0.06103286384976526
18 0.03125 0.3873239436619718 0.0625 0.04929577464788732