24 0.50234375 0.7114583333333333 0.5921875 0.5541666666666667
24 0.81015625 0.6854166666666667 0.3796875 0.47291666666666665
24 0.91875 0.35625 0.1625 0.09791666666666667
24 0.490625 0.3614583333333333 0.3234375 0.11458333333333333
24 0.39375 0.3927083333333333 0.4375 0.12916666666666668
24 0.0828125 0.4708333333333333 0.165625 0.10208333333333333
3 0.30078125 0.21770833333333334 0.0453125 0.04791666666666667
1 0.253125 0.23854166666666668 0.05625 0.027083333333333334
1 0.253125 0.20520833333333333 0.0390625 0.027083333333333334
48 0.20859375 0.26875 0.078125 0.13958333333333334
48 0.1421875 0.228125 0.0703125 0.16458333333333333
48 0.38359375 0.25104166666666666 0.0578125 0.22708333333333333
48 0.5 0.25729166666666664 0.05 0.14791666666666667
48 0.07421875 0.16770833333333332 0.04375 0.19166666666666668
48 0.1421875 0.28541666666666665 0.0765625 0.17083333333333334
48 0.984375 0.21041666666666667 0.0296875 0.1125
48 0.04765625 0.15520833333333334 0.028125 0.175
24 0.15546875 0.4510416666666667 0.309375 0.125
24 0.1515625 0.3541666666666667 0.275 0.125
24 0.88671875 0.309375 0.2265625 0.0875
24 0.16796875 0.7041666666666667 0.3359375 0.45208333333333334
1 0.26796875 0.25 0.028125 0.016666666666666666
45 0.29609375 0.19166666666666668 0.01875 0.01875
45 0.2609375 0.2635416666666667 0.05625 0.05
45 0.2375 0.18333333333333332 0.03125 0.025
45 0.265625 0.23333333333333334 0.0078125 0.010416666666666666
45 0.21328125 0.19270833333333334 0.0296875 0.014583333333333334
48 0.76328125 0.10729166666666666 0.03125 0.07291666666666667
48 0.11953125 0.134375 0.040625 0.1
48 0.0234375 0.215625 0.046875 0.21041666666666667
48 0.9390625 0.828125 0.121875 0.3416666666666667
43 0.7453125 0.18333333333333332 0.03125 0.09166666666666666
24 0.8875 0.43645833333333334 0.225 0.14166666666666666
24 0.001531275 0.0009818791666666668 0.00006245156249999999 0.00014561666666666666
1 0.221875 0.18020833333333333 0.065625 0.0375
1 0.22109375 0.20520833333333333 0.025 0.014583333333333334
45 0.25078125 0.23645833333333333 0.0078125 0.010416666666666666
48 0.10078125 0.11041666666666666 0.0296875 0.06666666666666667
24 0.728125 0.38333333333333336 0.259375 0.16041666666666668