36 0.46171875 0.583916083916084 0.3734375 0.4755244755244755
48 0.2578125 0.337995337995338 0.084375 0.22144522144522144
48 0.33203125 0.2878787878787879 0.075 0.1655011655011655
68 0.25703125 0.30303030303030304 0.0125 0.018648018648018648
68 0.32890625 0.27505827505827507 0.015625 0.009324009324009324
48 0.21015625 0.337995337995338 0.034375 0.0979020979020979
48 0.01484375 0.4428904428904429 0.0234375 0.09557109557109557
48 0.16484375 0.4160839160839161 0.025 0.08158508158508158
48 0.14921875 0.4184149184149184 0.0140625 0.07925407925407925
48 0.44765625 0.36946386946386944 0.0140625 0.039627039627039624
74 0.48046875 0.33916083916083917 0.0953125 0.11888111888111888
48 0.0328125 0.38927738927738925 0.0140625 0.030303030303030304
74 0.8234375 0.2948717948717949 0.353125 0.5897435897435898
48 0.41796875 0.36480186480186483 0.0140625 0.03263403263403263
48 0.090625 0.38344988344988346 0.0125 0.03263403263403263
48 0.059375 0.4382284382284382 0.025 0.10023310023310024
48 0.55859375 0.34615384615384615 0.009375 0.013986013986013986
48 0.17890625 0.4125874125874126 0.0125 0.06060606060606061