7 0.4519906323185012 0.7140625 0.8501170960187353 0.571875
12 0.7669789227166276 0.36484375 0.01405152224824356 0.046875
12 0.8044496487119438 0.36640625 0.02810304449648712 0.04375
12 0.747072599531616 0.36640625 0.02107728337236534 0.0421875
12 0.7259953161592506 0.43515625 0.01405152224824356 0.0328125
66 0.1990632318501171 0.7140625 0.1592505854800937 0.1125
66 0.4274004683840749 0.70078125 0.12177985948477751 0.04375
66 0.49765807962529274 0.7171875 0.08899297423887588 0.0265625
35 0.810304449648712 0.86171875 0.1451990632318501 0.2765625
21 0.5491803278688525 0.559375 0.03044496487119438 0.0125
12 0.7868852459016393 0.3671875 0.01639344262295082 0.0453125
12 0.8138173302107728 0.45234375 0.07962529274004684 0.0578125
12 0.5562060889929742 0.5671875 0.07494145199063232 0.025
23 0.5936768149882904 0.54921875 0.02576112412177986 0.0046875
66 0.34660421545667447 0.7109375 0.12412177985948478 0.040625
12 0.8372365339578455 0.36875 0.09601873536299765 0.0609375
12 0.7763466042154566 0.36640625 0.00936768149882904 0.04375
66 0.27049180327868855 0.6 0.1053864168618267 0.06875
66 0.7283372365339579 0.91640625 0.11007025761124122 0.065625