46 0.31796875 0.5843091334894613 0.5609375 0.8313817330210773
40 0.54375 0.2997658079625293 0.0234375 0.03981264637002342
40 0.51953125 0.2962529274004684 0.0328125 0.05620608899297424
40 0.51015625 0.2728337236533958 0.028125 0.05620608899297424
40 0.53828125 0.2822014051522248 0.0515625 0.0702576112412178
40 0.5296875 0.2775175644028103 0.0359375 0.0702576112412178
51 0.93046875 0.4929742388758782 0.1390625 0.9859484777517564
23 0.27890625 0.15339578454332553 0.05625 0.08430913348946135
13 0.7203125 0.33840749414519905 0.021875 0.12412177985948478
13 0.7015625 0.31030444964871196 0.0234375 0.1288056206088993
13 0.740625 0.34894613583138173 0.028125 0.1053864168618267
61 0.759375 0.27400468384074944 0.015625 0.13114754098360656
61 0.7609375 0.27985948477751754 0.01875 0.04215456674473068
23 0.35390625 0.2892271662763466 0.06875 0.05620608899297424