72 0.368942731277533 0.12734375 0.16299559471365638 0.234375
72 0.11233480176211454 0.15390625 0.16519823788546256 0.30625
35 0.44493392070484583 0.65078125 0.13215859030837004 0.1984375
35 0.5484581497797357 0.71015625 0.0947136563876652 0.14375
48 0.5914096916299559 0.37109375 0.10352422907488987 0.0546875
48 0.6167400881057269 0.68828125 0.21585903083700442 0.4484375
48 0.8711453744493393 0.6234375 0.20044052863436124 0.4796875
48 0.7433920704845814 0.5875 0.1299559471365639 0.446875
48 0.6068281938325991 0.51328125 0.1277533039647577 0.178125
48 0.44823788546255505 0.69375 0.2290748898678414 0.428125
48 0.3931718061674009 0.60078125 0.14757709251101322 0.425
48 0.2753303964757709 0.56953125 0.1696035242290749 0.3859375
48 0.1277533039647577 0.590625 0.14317180616740088 0.4421875
48 0.5638766519823789 0.45859375 0.07048458149779736 0.1203125
48 0.5055066079295154 0.5078125 0.10572687224669604 0.203125
48 0.1894273127753304 0.48359375 0.08149779735682819 0.1765625
35 0.7191629955947136 0.69140625 0.05726872246696035 0.096875
48 0.46255506607929514 0.4 0.04405286343612335 0.0390625