43 0.3731656184486373 0.7388268156424581 0.6016771488469602 0.5223463687150838
43 0.5807127882599581 0.6340782122905028 0.1740041928721174 0.35195530726256985
43 0.6928721174004193 0.5935754189944135 0.11740041928721175 0.15921787709497207
43 0.7704402515723271 0.7416201117318436 0.1320754716981132 0.388268156424581
43 0.8626834381551363 0.7807262569832403 0.2746331236897275 0.4106145251396648
48 0.0006316771488469602 0.0017125335195530727 0.0007859664570230608 0.0021615279329608938
43 0.12054507337526206 0.36033519553072624 0.03773584905660377 0.036312849162011177
48 0.8490566037735849 0.5740223463687151 0.3018867924528302 0.6731843575418994
48 0.539832285115304 0.520949720670391 0.16352201257861634 0.49162011173184356
48 0.6635220125786163 0.38966480446927376 0.12368972746331237 0.2681564245810056
43 0.5020964360587002 0.3393854748603352 0.041928721174004195 0.0335195530726257
72 0.7746331236897275 0.22206703910614525 0.050314465408805034 0.1452513966480447
18 0.26519916142557654 0.33798882681564246 0.0440251572327044 0.05307262569832402
18 0.4916142557651992 0.3100558659217877 0.05241090146750524 0.036312849162011177
18 0.6331236897274634 0.3226256983240223 0.07756813417190776 0.05865921787709497
43 0.21069182389937108 0.3547486033519553 0.050314465408805034 0.036312849162011177
48 0.049266247379454925 0.3407821229050279 0.010482180293501049 0.0223463687150838
48 0.07442348008385745 0.3505586592178771 0.027253668763102725 0.05027932960893855
48 0.12264150943396226 0.3463687150837989 0.016771488469601678 0.05027932960893855
48 0.1090146750524109 0.3435754189944134 0.012578616352201259 0.03910614525139665
48 0.18972746331236898 0.33379888268156427 0.010482180293501049 0.030726256983240222