75 0.94296875 0.5791666666666667 0.1140625 0.25625
13 0.61484375 0.609375 0.0390625 0.12916666666666668
60 0.2390625 0.7583333333333333 0.4703125 0.45416666666666666
26 0.62578125 0.80625 0.2703125 0.35
52 0.59296875 0.7114583333333333 0.1 0.027083333333333334
12 0.465625 0.596875 0.0875 0.03333333333333333
12 0.371875 0.6104166666666667 0.071875 0.016666666666666666
12 0.38046875 0.5885416666666666 0.0828125 0.020833333333333332
12 0.7765625 0.5572916666666666 0.0171875 0.03958333333333333
12 0.46640625 0.58125 0.08125 0.029166666666666667
10 0.1859375 0.5166666666666667 0.021875 0.05
50 0.67421875 0.421875 0.1578125 0.18333333333333332
12 0.446875 0.55 0.0640625 0.016666666666666666
12 0.6671875 0.61875 0.071875 0.058333333333333334
12 0.37109375 0.575 0.0671875 0.01875
12 0.76953125 0.6614583333333334 0.03125 0.06041666666666667
12 0.65625 0.6020833333333333 0.0734375 0.052083333333333336
12 0.44921875 0.5572916666666666 0.075 0.016666666666666666
12 0.47265625 0.6145833333333334 0.084375 0.016666666666666666
77 0.83359375 0.23541666666666666 0.0546875 0.08333333333333333
52 0.97890625 0.4354166666666667 0.0421875 0.016666666666666666
12 0.7390625 0.559375 0.0203125 0.041666666666666664