67 0.5015625 0.6147540983606558 0.2015625 0.29508196721311475
48 0.7453125 0.43911007025761123 0.0953125 0.12646370023419204
48 0.08515625 0.4929742388758782 0.1046875 0.5644028103044496
48 0.2765625 0.18149882903981265 0.0484375 0.08899297423887588
48 0.3984375 0.13466042154566746 0.0625 0.13114754098360656
23 0.175 0.6522248243559718 0.05 0.16159250585480095
48 0.38203125 0.6463700234192038 0.271875 0.7072599531615925
48 0.84765625 0.45784543325526933 0.0921875 0.11475409836065574
48 0.9734375 0.4379391100702576 0.053125 0.14988290398126464
48 0.00153465625 0.000657135831381733 0.000055689062499999996 0.00025289461358313816
48 0.01796875 0.1451990632318501 0.034375 0.117096018735363
48 0.8234375 0.24707259953161592 0.103125 0.14754098360655737
48 0.76953125 0.3126463700234192 0.0875 0.1686182669789227
22 0.559375 0.6053864168618267 0.0953125 0.24355971896955503
22 0.840625 0.3524590163934426 0.0671875 0.05152224824355972
22 0.90078125 0.3548009367681499 0.0546875 0.05152224824355972
22 0.890625 0.2927400468384075 0.059375 0.07259953161592506
22 0.96015625 0.37236533957845436 0.0625 0.08899297423887588
22 0.94765625 0.28805620608899296 0.0546875 0.07494145199063232
22 0.9125 0.21428571428571427 0.040625 0.06323185011709602
22 0.85 0.2189695550351288 0.0453125 0.06557377049180328
48 0.85546875 0.17681498829039813 0.075 0.1756440281030445
48 0.21171875 0.19320843091334894 0.046875 0.08899297423887588