48 0.37066666666666664 0.392 0.6986666666666667 0.518
57 0.26266666666666666 0.664 0.2986666666666667 0.11
48 0.25066666666666665 0.21 0.029333333333333333 0.054
48 0.7773333333333333 0.157 0.024 0.052
48 0.8493333333333334 0.127 0.008 0.012
18 0.9773333333333334 0.118 0.034666666666666665 0.018
18 0.94 0.118 0.037333333333333336 0.016
18 0.8573333333333333 0.123 0.032 0.016
18 0.832 0.118 0.029333333333333333 0.014
18 0.7933333333333333 0.124 0.034666666666666665 0.012
18 0.768 0.123 0.037333333333333336 0.02
18 0.7413333333333333 0.124 0.029333333333333333 0.022
18 0.7013333333333334 0.123 0.013333333333333334 0.012
18 0.896 0.12 0.02666666666666667 0.014