68 0.503125 0.5833333333333334 0.103125 0.49166666666666664
48 0.571875 0.4861111111111111 0.3203125 0.9694444444444444
13 0.10625 0.3388888888888889 0.0625 0.38055555555555554
13 0.1515625 0.3375 0.0390625 0.3611111111111111
13 0.19296875 0.3402777777777778 0.0609375 0.37222222222222223
13 0.24296875 0.375 0.04375 0.2833333333333333
13 0.30546875 0.35694444444444445 0.0453125 0.2916666666666667
13 0.27890625 0.36944444444444446 0.04375 0.2972222222222222
13 0.37734375 0.35833333333333334 0.04375 0.25555555555555554
13 0.23984375 0.7569444444444444 0.04375 0.2388888888888889
13 0.32265625 0.7111111111111111 0.0359375 0.21944444444444444
13 0.140625 0.7263888888888889 0.04375 0.28055555555555556
13 0.3484375 0.7 0.0296875 0.2111111111111111
13 0.29140625 0.7236111111111111 0.03125 0.2222222222222222
13 0.096875 0.7736111111111111 0.0421875 0.16111111111111112