57 0.46328125 0.5507075471698113 0.046875 0.06367924528301887
57 0.76328125 0.24056603773584906 0.078125 0.08018867924528301
48 0.7875 0.2794811320754717 0.0625 0.29952830188679247
48 0.93984375 0.33726415094339623 0.05 0.18396226415094338
48 0.56640625 0.25589622641509435 0.0171875 0.05660377358490566
48 0.25390625 0.4033018867924528 0.0671875 0.3136792452830189
48 0.19140625 0.24882075471698112 0.015625 0.07783018867924528
48 0.465625 0.4033018867924528 0.0921875 0.33726415094339623
48 0.33359375 0.26297169811320753 0.025 0.11320754716981132
48 0.0171875 0.2865566037735849 0.0296875 0.1320754716981132
48 0.9 0.31485849056603776 0.0203125 0.0589622641509434
48 0.3171875 0.2865566037735849 0.0484375 0.23820754716981132
48 0.17578125 0.25471698113207547 0.01875 0.07783018867924528
8 0.0765625 0.38207547169811323 0.153125 0.08490566037735849
76 0.4796875 0.2016509433962264 0.1265625 0.09433962264150944
57 0.93046875 0.43042452830188677 0.0265625 0.01650943396226415
57 0.0875 0.3643867924528302 0.015625 0.10849056603773585
57 0.02734375 0.33254716981132076 0.0078125 0.0330188679245283
48 0.07109375 0.31957547169811323 0.03125 0.19811320754716982
48 0.53984375 0.2759433962264151 0.0328125 0.10849056603773585