48 0.12109375 0.6541666666666667 0.1578125 0.6645833333333333
48 0.13515625 0.6083333333333333 0.2203125 0.7583333333333333
48 0.28984375 0.625 0.1421875 0.75
48 0.73515625 0.603125 0.1734375 0.7770833333333333
48 0.5203125 0.6239583333333333 0.1640625 0.7520833333333333
48 0.6296875 0.6322916666666667 0.1296875 0.7333333333333333
48 0.90078125 0.5604166666666667 0.1984375 0.875
48 0.41484375 0.6572916666666667 0.171875 0.6854166666666667
35 0.46484375 0.571875 0.0390625 0.27291666666666664
68 0.52578125 0.5020833333333333 0.0375 0.25
68 0.30234375 0.51875 0.0375 0.2
68 0.19921875 0.4895833333333333 0.0578125 0.25
68 0.7109375 0.478125 0.1125 0.275
68 0.6046875 0.5229166666666667 0.05625 0.25416666666666665
68 0.85078125 0.446875 0.0734375 0.30833333333333335
68 0.396875 0.5354166666666667 0.0609375 0.22083333333333333
48 0.22578125 0.34375 0.0375 0.0625
48 0.04765625 0.6458333333333334 0.0953125 0.6541666666666667
48 0.44375 0.39166666666666666 0.025 0.08958333333333333