48 0.90859375 0.687793427230047 0.0421875 0.13615023474178403
48 0.228125 0.6901408450704225 0.034375 0.13380281690140844
48 0.1953125 0.6936619718309859 0.04375 0.1619718309859155
48 0.884375 0.6842723004694836 0.03125 0.1267605633802817
39 0.92578125 0.12793427230046947 0.0921875 0.12910798122065728
39 0.83984375 0.357981220657277 0.025 0.02112676056338028
39 0.7578125 0.7640845070422535 0.0796875 0.04929577464788732
39 0.39375 0.75 0.0609375 0.04929577464788732
48 0.17421875 0.6901408450704225 0.0296875 0.15023474178403756
48 0.62734375 0.6197183098591549 0.0078125 0.01643192488262911
48 0.6515625 0.6208920187793427 0.0078125 0.01643192488262911
48 0.5953125 0.6173708920187794 0.009375 0.01643192488262911
48 0.5765625 0.6232394366197183 0.0109375 0.018779342723004695
39 0.70703125 0.7323943661971831 0.059375 0.04460093896713615
39 0.84453125 0.4061032863849765 0.0109375 0.018779342723004695
39 0.8796875 0.352112676056338 0.009375 0.01643192488262911
39 0.8984375 0.3274647887323944 0.0109375 0.014084507042253521
39 0.3890625 0.5 0.459375 0.6314553990610329
39 0.91875 0.30633802816901406 0.0109375 0.014084507042253521
39 0.8625 0.3779342723004695 0.0078125 0.01643192488262911
39 0.96328125 0.2664319248826291 0.0109375 0.02112676056338028
39 0.8265625 0.4295774647887324 0.00625 0.014084507042253521