18 0.479 0.6445783132530121 0.142 0.20481927710843373
16 0.739 0.4939759036144578 0.236 0.2740963855421687
16 0.357 0.4006024096385542 0.032 0.06927710843373494
48 0.041 0.5060240963855421 0.03 0.10542168674698796
48 0.154 0.4683734939759036 0.01 0.05421686746987952
48 0.225 0.4894578313253012 0.028 0.08734939759036145
48 0.256 0.4879518072289157 0.016 0.08132530120481928
48 0.625 0.47740963855421686 0.012 0.060240963855421686
48 0.562 0.45933734939759036 0.012 0.0572289156626506
18 0.424 0.4292168674698795 0.026 0.03313253012048193
16 0.475 0.41566265060240964 0.05 0.08734939759036145
72 0.434 0.3960843373493976 0.022 0.0391566265060241
8 0.914 0.6099397590361446 0.044 0.024096385542168676
48 0.603 0.46686746987951805 0.01 0.05421686746987952
48 0.133 0.49096385542168675 0.014 0.07530120481927711
48 0.768 0.5180722891566265 0.024 0.030120481927710843
72 0.133 0.3870481927710843 0.012 0.03614457831325301
48 0.165 0.47740963855421686 0.016 0.060240963855421686