62 0.6533957845433255 0.6375 0.0234192037470726 0.015625
62 0.5081967213114754 0.5734375 0.01405152224824356 0.009375
62 0.5269320843091335 0.60703125 0.01873536299765808 0.0125
48 0.3548009367681499 0.6609375 0.3325526932084309 0.5984375
48 0.6112412177985949 0.415625 0.07259953161592506 0.15625
67 0.16978922716627634 0.515625 0.2857142857142857 0.1234375
67 0.5679156908665105 0.434375 0.0234192037470726 0.015625
62 0.22716627634660422 0.46484375 0.00936768149882904 0.0046875
62 0.7564402810304449 0.48046875 0.03278688524590164 0.0265625
62 0.4847775175644028 0.46640625 0.00936768149882904 0.0046875
62 0.5023419203747073 0.56796875 0.01873536299765808 0.009375
62 0.468384074941452 0.56875 0.01639344262295082 0.0109375
62 0.7915690866510539 0.57109375 0.01639344262295082 0.009375
62 0.6276346604215457 0.5734375 0.01639344262295082 0.0109375
62 0.5655737704918032 0.46640625 0.00936768149882904 0.0046875
62 0.45550351288056207 0.465625 0.00936768149882904 0.00625
62 0.5011709601873536 0.56796875 0.01639344262295082 0.0109375