22 0.38515625 0.65625 0.1671875 0.5083333333333333
22 0.62890625 0.3072916666666667 0.0796875 0.06458333333333334
48 0.58046875 0.5260416666666666 0.490625 0.9166666666666666
25 0.98359375 0.20208333333333334 0.0328125 0.09583333333333334
52 0.6859375 0.8041666666666667 0.0609375 0.052083333333333336
52 0.771875 0.5875 0.0875 0.06458333333333334
12 0.9546875 0.5364583333333334 0.0390625 0.18125
12 0.978125 0.54375 0.040625 0.17708333333333334
12 0.0015433234375 0.0011684020833333333 0.000038354687499999996 0.00035243125000000003
12 0.8734375 0.515625 0.0796875 0.15416666666666667
12 0.921875 0.5291666666666667 0.028125 0.1625
48 0.84296875 0.13854166666666667 0.034375 0.06041666666666667
48 0.74921875 0.1125 0.028125 0.03958333333333333
77 0.9671875 0.18125 0.05625 0.0875
77 0.77890625 0.04375 0.0546875 0.075
48 0.27421875 0.5739583333333333 0.5421875 0.8270833333333333
48 0.746875 0.5322916666666667 0.2703125 0.825
48 0.76953125 0.125 0.021875 0.04583333333333333
22 0.040625 0.3770833333333333 0.08125 0.3333333333333333
28 0.55625 0.3260416666666667 0.0609375 0.058333333333333334