18 0.1921875 0.6270833333333333 0.0796875 0.08541666666666667
16 0.61484375 0.503125 0.3234375 0.36666666666666664
16 0.32109375 0.5385416666666667 0.1796875 0.20416666666666666
16 0.13359375 0.5760416666666667 0.11875 0.1
48 0.06328125 0.6020833333333333 0.0109375 0.06041666666666667
48 0.04765625 0.6010416666666667 0.0171875 0.05416666666666667
48 0.83828125 0.6052083333333333 0.03125 0.1
48 0.08359375 0.6052083333333333 0.0125 0.06041666666666667
48 0.81171875 0.6197916666666666 0.025 0.09375
18 0.2140625 0.59375 0.03125 0.03333333333333333
48 0.09375 0.584375 0.0125 0.035416666666666666