13 0.2234375 0.2476525821596244 0.0984375 0.3732394366197183
25 0.48984375 0.45305164319248825 0.109375 0.22300469483568075
40 0.44453125 0.5809859154929577 0.1140625 0.12206572769953052
56 0.0014681281250000001 0.0018446784037558686 0.0001887453125 0.00043625586854460096
13 0.43984375 0.4354460093896714 0.0328125 0.12441314553990611
61 0.159375 0.18779342723004694 0.0484375 0.18544600938967137
61 0.540625 0.44366197183098594 0.0203125 0.046948356807511735
14 0.76953125 0.1960093896713615 0.1578125 0.20657276995305165
14 0.47734375 0.27816901408450706 0.253125 0.18544600938967137
54 0.01953125 0.6467136150234741 0.0390625 0.09624413145539906
40 0.51640625 0.0903755868544601 0.0453125 0.0892018779342723
13 0.4 0.4307511737089202 0.0703125 0.19953051643192488