9 0.5890625 0.5730858468677494 0.03125 0.12064965197215777
9 0.49453125 0.4976798143851508 0.009375 0.03480278422273782
9 0.48515625 0.4895591647331787 0.003125 0.018561484918793503
48 0.80703125 0.6774941995359629 0.1484375 0.5939675174013921
48 0.58671875 0.5220417633410673 0.053125 0.1902552204176334
48 0.49296875 0.4767981438515081 0.01875 0.06264501160092807
48 0.5203125 0.45707656612529 0.0140625 0.03480278422273782
2 0.8359375 0.5452436194895591 0.0875 0.1554524361948956
2 0.590625 0.4814385150812065 0.01875 0.04640371229698376
48 0.48515625 0.46403712296983757 0.0125 0.03480278422273782
2 0.49609375 0.46635730858468677 0.0125 0.027842227378190254