76 0.24921875 0.18427230046948356 0.4921875 0.36619718309859156
22 0.71796875 0.857981220657277 0.3078125 0.2652582159624413
22 0.0006625609375 0.001998805164319249 0.000320728125 0.0006972276995305163
48 0.20625 0.7535211267605634 0.0296875 0.06338028169014084
48 0.25078125 0.7523474178403756 0.0109375 0.056338028169014086
48 0.26875 0.7394366197183099 0.0484375 0.08450704225352113
48 0.30390625 0.7406103286384976 0.0328125 0.06103286384976526
48 0.43984375 0.6690140845070423 0.0421875 0.09859154929577464
48 0.54453125 0.6983568075117371 0.034375 0.11032863849765258
76 0.853125 0.3345070422535211 0.209375 0.6267605633802817
76 0.6484375 0.5774647887323944 0.2234375 0.3427230046948357
76 0.39140625 0.5692488262910798 0.3109375 0.29577464788732394
76 0.490625 0.5880281690140845 0.1296875 0.06572769953051644
76 0.64921875 0.6455399061032864 0.215625 0.215962441314554
76 0.06484375 0.6267605633802817 0.0546875 0.3685446009389671
76 0.0328125 0.676056338028169 0.0609375 0.2136150234741784
76 0.15625 0.7053990610328639 0.0484375 0.14788732394366197
76 0.2609375 0.6607981220657277 0.1921875 0.23943661971830985
76 0.61484375 0.6748826291079812 0.053125 0.1056338028169014
76 0.7671875 0.6326291079812206 0.1671875 0.056338028169014086
22 0.71953125 0.7300469483568075 0.0828125 0.03990610328638498
22 0.0003602171875 0.002083884976525822 0.00048879375 0.0005270680751173709
22 0.25234375 0.8051643192488263 0.134375 0.06572769953051644
22 0.90703125 0.7288732394366197 0.1265625 0.046948356807511735
22 0.51171875 0.8215962441314554 0.059375 0.13849765258215962
22 0.59296875 0.863849765258216 0.103125 0.2323943661971831
22 0.05859375 0.8814553990610329 0.1171875 0.2347417840375587
48 0.23359375 0.7676056338028169 0.0140625 0.025821596244131457
22 0.9046875 0.863849765258216 0.190625 0.27230046948356806
22 0.11796875 0.8204225352112676 0.0578125 0.06103286384976526
22 0.6265625 0.7300469483568075 0.0796875 0.04225352112676056
76 0.96171875 0.4671361502347418 0.0765625 0.13849765258215962