43 0.92578125 0.8760416666666667 0.1484375 0.21041666666666667
48 0.7796875 0.7385416666666667 0.0828125 0.275
48 0.8140625 0.7479166666666667 0.096875 0.2604166666666667
48 0.90703125 0.6447916666666667 0.0265625 0.052083333333333336
48 0.88359375 0.6791666666666667 0.025 0.10625
48 0.7171875 0.734375 0.0515625 0.24791666666666667
48 0.76484375 0.734375 0.0453125 0.22916666666666666
48 0.6890625 0.7041666666666667 0.0296875 0.13958333333333334
74 0.45078125 0.7083333333333334 0.440625 0.2604166666666667
48 0.8015625 0.63125 0.0125 0.020833333333333332
48 0.86171875 0.6791666666666667 0.03125 0.10208333333333333
35 0.8171875 0.7385416666666667 0.028125 0.04375
48 0.001553675 0.0013853520833333334 0.0000176515625 0.00011618958333333333
74 0.70546875 0.665625 0.096875 0.14375
35 0.6921875 0.784375 0.0296875 0.0625