48 0.20234375 0.5984375 0.034375 0.0640625
74 0.05390625 0.5859375 0.0453125 0.028125
18 0.25703125 0.60703125 0.06875 0.04375
18 0.33515625 0.6109375 0.0890625 0.0546875
18 0.15546875 0.59140625 0.0296875 0.01875
18 0.9578125 0.5984375 0.0734375 0.040625
72 0.5546875 0.4703125 0.2953125 0.6703125
10 0.85546875 0.21328125 0.021875 0.0171875
18 0.97109375 0.62578125 0.0421875 0.0453125
18 0.1359375 0.5875 0.0140625 0.0203125
18 0.12578125 0.5859375 0.0171875 0.015625
18 0.14921875 0.5875 0.0203125 0.0203125
18 0.29765625 0.59140625 0.028125 0.0171875
74 0.14921875 0.5890625 0.025 0.0203125