62 0.4109375 0.5052083333333334 0.053125 0.058333333333333334
48 0.42578125 0.5854166666666667 0.11875 0.4979166666666667
48 0.50546875 0.24583333333333332 0.065625 0.28958333333333336
48 0.66328125 0.1625 0.06875 0.28125
48 0.72109375 0.14375 0.103125 0.26666666666666666
48 0.35390625 0.2125 0.0578125 0.3
48 0.8921875 0.13958333333333334 0.0390625 0.275
48 0.45078125 0.17395833333333333 0.0640625 0.275
48 0.8578125 0.14583333333333334 0.0625 0.2916666666666667
48 0.2328125 0.17395833333333333 0.1140625 0.3
48 0.6109375 0.19375 0.0640625 0.32708333333333334