27 0.0625 0.8529411764705882 0.0796875 0.16470588235294117
60 0.4796875 0.6517647058823529 0.359375 0.24941176470588236
60 0.8453125 0.8811764705882353 0.3078125 0.21411764705882352
12 0.45546875 0.7435294117647059 0.0515625 0.03058823529411765
12 0.46171875 0.7482352941176471 0.0578125 0.042352941176470586
77 0.8734375 0.40352941176470586 0.0328125 0.08
77 0.38125 0.27176470588235296 0.025 0.06352941176470588
77 0.8171875 0.37176470588235294 0.0265625 0.047058823529411764
14 0.55546875 0.711764705882353 0.0890625 0.058823529411764705
22 0.84140625 0.888235294117647 0.3171875 0.2235294117647059
22 0.5265625 0.9047058823529411 0.296875 0.19058823529411764
22 0.67265625 0.5905882352941176 0.0734375 0.14823529411764705
77 0.41640625 0.26705882352941174 0.01875 0.06352941176470588
77 0.79140625 0.38 0.0265625 0.023529411764705882
12 0.45703125 0.7258823529411764 0.0421875 0.02588235294117647
77 0.3296875 0.27176470588235296 0.028125 0.05176470588235294
77 0.3578125 0.2752941176470588 0.01875 0.04