55 0.675 0.69375 0.0359375 0.03958333333333333
55 0.603125 0.7708333333333334 0.0328125 0.052083333333333336
24 0.740625 0.5635416666666667 0.0390625 0.025
55 0.7421875 0.5635416666666667 0.0375 0.020833333333333332
55 0.69609375 0.5708333333333333 0.0203125 0.016666666666666666
55 0.67890625 0.5760416666666667 0.025 0.022916666666666665
55 0.70625 0.7375 0.0359375 0.03333333333333333
55 0.94140625 0.6145833333333334 0.0296875 0.041666666666666664
55 0.93046875 0.5125 0.0328125 0.025
55 0.86875 0.5333333333333333 0.0203125 0.016666666666666666
55 0.80078125 0.5447916666666667 0.015625 0.014583333333333334
55 0.40546875 0.5208333333333334 0.0125 0.010416666666666666
55 0.384375 0.7114583333333333 0.0171875 0.022916666666666665
55 0.4 0.7104166666666667 0.021875 0.022916666666666665