18 0.25390625 0.47645429362880887 0.5078125 0.3628808864265928
18 0.56171875 0.4916897506925208 0.128125 0.24376731301939059
16 0.7859375 0.42105263157894735 0.428125 0.8337950138504155
48 0.234375 0.5096952908587258 0.1125 0.5373961218836565
48 0.93671875 0.32271468144044324 0.1171875 0.2853185595567867
48 0.109375 0.49722991689750695 0.1046875 0.5595567867036011
48 0.29140625 0.5249307479224377 0.075 0.4515235457063712
35 0.23515625 0.5041551246537396 0.0640625 0.10249307479224377
35 0.18046875 0.5955678670360111 0.040625 0.10803324099722991
48 0.196875 0.3850415512465374 0.0703125 0.3185595567867036
48 0.09921875 0.5110803324099723 0.0640625 0.47368421052631576