36 0.6953125 0.5602836879432624 0.1546875 0.26713947990543735
48 0.690625 0.475177304964539 0.0859375 0.23404255319148937
55 0.28046875 0.5638297872340425 0.06875 0.054373522458628844
55 0.203125 0.5709219858156028 0.08125 0.06382978723404255
55 0.92421875 0.5650118203309693 0.0859375 0.08747044917257683
55 0.8828125 0.5614657210401891 0.0390625 0.061465721040189124
55 0.040625 0.6430260047281324 0.0796875 0.09456264775413711
55 0.0671875 0.5898345153664303 0.0171875 0.02364066193853428
55 0.09140625 0.5874704491725768 0.065625 0.06855791962174941
55 0.1484375 0.5874704491725768 0.0625 0.0591016548463357
55 0.3125 0.5602836879432624 0.0578125 0.04491725768321513
55 0.640625 0.5768321513002365 0.040625 0.06855791962174941
27 0.37890625 0.6749408983451537 0.0578125 0.08274231678486997
55 0.2078125 0.5756501182033097 0.0484375 0.0591016548463357
55 0.8078125 0.5543735224586288 0.0734375 0.07801418439716312
55 0.7828125 0.5862884160756501 0.0359375 0.06619385342789598