18 0.0390625 0.8569444444444444 0.0203125 0.025
18 0.0953125 0.8583333333333333 0.0234375 0.022222222222222223
18 0.1203125 0.8611111111111112 0.0234375 0.016666666666666666
18 0.1453125 0.8638888888888889 0.021875 0.016666666666666666
18 0.17421875 0.8666666666666667 0.0171875 0.022222222222222223
18 0.19765625 0.8625 0.025 0.022222222222222223
48 0.4234375 0.1597222222222222 0.040625 0.06666666666666667
74 0.000716796875 0.0024272 0.0005844734374999999 0.0007011583333333334
74 0.8359375 0.9263888888888889 0.2390625 0.14722222222222223
72 0.7828125 0.13194444444444445 0.0515625 0.19166666666666668
72 0.5578125 0.16944444444444445 0.046875 0.16666666666666666