76 0.7582846003898636 0.59375 0.10526315789473684 0.4625
76 0.6091617933723197 0.62265625 0.07407407407407407 0.33125
48 0.6676413255360624 0.4578125 0.3313840155945419 0.590625
48 0.46101364522417154 0.25546875 0.17738791423001948 0.2140625
76 0.1783625730994152 0.3859375 0.06042884990253411 0.1984375
76 0.5458089668615984 0.6390625 0.06627680311890838 0.3328125
76 0.2524366471734893 0.44140625 0.07017543859649122 0.3078125
22 0.17153996101364521 0.4359375 0.13060428849902533 0.19375
22 0.4405458089668616 0.3890625 0.0935672514619883 0.190625
22 0.5224171539961013 0.4265625 0.05263157894736842 0.2265625
22 0.3138401559454191 0.30625 0.11695906432748537 0.1171875
48 0.26608187134502925 0.33125 0.38596491228070173 0.384375
48 0.09064327485380116 0.59765625 0.1442495126705653 0.51875
48 0.898635477582846 0.3390625 0.14230019493177387 0.5578125
35 0.8313840155945419 0.53359375 0.0935672514619883 0.11875
35 0.827485380116959 0.34375 0.07797270955165692 0.0890625