55 0.40625 0.4776470588235294 0.025 0.04470588235294118
55 0.32734375 0.4988235294117647 0.034375 0.05411764705882353
55 0.26875 0.5011764705882353 0.0484375 0.06588235294117648
55 0.0515625 0.5305882352941177 0.0796875 0.07764705882352942
48 0.85859375 0.5941176470588235 0.2203125 0.6894117647058824
48 0.421875 0.4647058823529412 0.025 0.10352941176470588
55 0.29765625 0.4988235294117647 0.03125 0.05411764705882353
55 0.35 0.48823529411764705 0.025 0.04
55 0.21328125 0.5105882352941177 0.0578125 0.07294117647058823
55 0.3828125 0.4717647058823529 0.021875 0.05411764705882353
55 0.4609375 0.4647058823529412 0.015625 0.047058823529411764
55 0.4421875 0.47058823529411764 0.0296875 0.05411764705882353
55 0.32578125 0.47411764705882353 0.0296875 0.021176470588235293
55 0.31640625 0.46352941176470586 0.0359375 0.018823529411764704
55 0.3 0.4611764705882353 0.01875 0.009411764705882352