26 0.27109375 0.6666666666666666 0.2421875 0.12916666666666668
26 0.278125 0.5875 0.084375 0.0375
26 0.66875 0.5875 0.1203125 0.0625
9 0.63515625 0.7604166666666666 0.1953125 0.22083333333333333
43 0.065625 0.6260416666666667 0.0921875 0.25
43 0.81640625 0.590625 0.0328125 0.10833333333333334
9 0.946875 0.7083333333333334 0.10625 0.18958333333333333
8 0.625 0.6416666666666667 0.11875 0.09583333333333334
14 0.34296875 0.6020833333333333 0.0578125 0.041666666666666664
8 0.72265625 0.6239583333333333 0.11875 0.08333333333333333
48 0.39375 0.528125 0.046875 0.18541666666666667
48 0.303125 0.5041666666666667 0.0515625 0.14375
48 0.203125 0.4479166666666667 0.034375 0.06666666666666667
48 0.1671875 0.4635416666666667 0.015625 0.05416666666666667
48 0.7140625 0.5760416666666667 0.071875 0.1375
48 0.46328125 0.484375 0.0296875 0.12708333333333333
48 0.56796875 0.540625 0.0390625 0.18958333333333333
48 0.36875 0.46458333333333335 0.0203125 0.01875
48 0.8453125 0.61875 0.0546875 0.24583333333333332
48 0.5328125 0.5604166666666667 0.0421875 0.25625
48 0.42734375 0.5333333333333333 0.034375 0.16875
48 0.90859375 0.559375 0.040625 0.21875
43 0.83203125 0.8520833333333333 0.290625 0.26666666666666666
8 0.37890625 0.603125 0.0375 0.1
48 0.4875 0.578125 0.0484375 0.2375
43 0.60859375 0.540625 0.0609375 0.1125