18 0.6552083333333333 0.509375 0.09583333333333334 0.0375
18 0.703125 0.49375 0.04375 0.021875
18 0.91875 0.490625 0.035416666666666666 0.0234375
48 0.42604166666666665 0.509375 0.022916666666666665 0.0421875
48 0.4083333333333333 0.5046875 0.014583333333333334 0.0359375
18 0.6208333333333333 0.48984375 0.029166666666666667 0.0078125
18 0.8895833333333333 0.4921875 0.027083333333333334 0.021875
18 0.7854166666666667 0.4890625 0.025 0.015625
48 0.64375 0.50703125 0.025 0.05
48 0.378125 0.51796875 0.016666666666666666 0.034375
48 0.4552083333333333 0.50703125 0.027083333333333334 0.0484375
48 0.36041666666666666 0.50546875 0.01875 0.0375
48 0.023958333333333335 0.66875 0.04791666666666667 0.3421875
73 0.175 0.42734375 0.3458333333333333 0.3859375
48 0.3885416666666667 0.49921875 0.008333333333333333 0.015625
48 0.6635416666666667 0.50625 0.027083333333333334 0.0484375