22 0.8109375 0.33958333333333335 0.08125 0.2916666666666667
22 0.68203125 0.2760416666666667 0.134375 0.3145833333333333
22 0.2125 0.425 0.08125 0.16666666666666666
22 0.97265625 0.18229166666666666 0.0546875 0.0875
26 0.5 0.7322916666666667 1 0.5354166666666667
48 0.40703125 0.309375 0.425 0.5041666666666667
48 0.703125 0.18854166666666666 0.13125 0.17916666666666667
25 0.72421875 0.6166666666666667 0.0796875 0.2125
40 0.4859375 0.4197916666666667 0.021875 0.13541666666666666
61 0.5203125 0.7333333333333333 0.03125 0.18125
14 0.54296875 0.8052083333333333 0.159375 0.18958333333333333
14 0.3921875 0.8791666666666667 0.1828125 0.21041666666666667
14 0.18984375 0.78125 0.3125 0.28125
14 0.25234375 0.5979166666666667 0.1984375 0.14166666666666666
14 0.0015114875 0.0018655604166666665 0.00010202656249999999 0.00043554583333333335
17 0.49609375 0.6 0.2015625 0.23541666666666666
48 0.80625 0.24583333333333332 0.16875 0.4083333333333333
22 0.90234375 0.18645833333333334 0.0390625 0.07916666666666666
26 0.0014306281250000001 0.0005532770833333333 0.0002637453125 0.00016913958333333333
25 0.7078125 0.18125 0.0140625 0.03125
61 0.11484375 0.7541666666666667 0.159375 0.11666666666666667
14 0.9203125 0.509375 0.159375 0.14583333333333334
14 0.91484375 0.234375 0.0390625 0.020833333333333332
17 0.94296875 0.5020833333333333 0.1140625 0.06458333333333334
22 0.17421875 0.3697916666666667 0.0171875 0.022916666666666665
61 0.459375 0.88125 0.1 0.07083333333333333