13 0.638 0.5893333333333334 0.036 0.056
51 0.165 0.5573333333333333 0.1 0.33066666666666666
48 0.375 0.556 0.082 0.42133333333333334
48 0.437 0.6013333333333334 0.09 0.56
40 0.661 0.7253333333333334 0.094 0.013333333333333334
46 0.124 0.6493333333333333 0.158 0.15466666666666667
14 0.749 0.636 0.082 0.064
14 0.85 0.7946666666666666 0.106 0.064
14 0.953 0.948 0.094 0.104
75 0.318 0.528 0.062 0.058666666666666666
23 0.92 0.04666666666666667 0.068 0.09333333333333334
13 0.951 0.5613333333333334 0.034 0.14666666666666667
14 0.693 0.8533333333333334 0.15 0.10133333333333333
48 0.911 0.4533333333333333 0.03 0.168
48 0.503 0.6706666666666666 0.19 0.6293333333333333
48 0.119 0.7306666666666667 0.238 0.49866666666666665
48 0.298 0.7866666666666666 0.152 0.3973333333333333