55 0.7453125 0.8653169014084507 0.0390625 0.035211267605633804
55 0.71484375 0.8802816901408451 0.0453125 0.03873239436619718
55 0.7265625 0.829225352112676 0.0484375 0.03697183098591549
55 0.3546875 0.7526408450704225 0.0359375 0.040492957746478875
55 0.3296875 0.7033450704225352 0.053125 0.03873239436619718
55 0.2453125 0.613556338028169 0.0390625 0.035211267605633804
55 0.278125 0.29577464788732394 0.015625 0.02992957746478873
55 0.303125 0.29225352112676056 0.034375 0.02992957746478873
55 0.34296875 0.29401408450704225 0.0375 0.03169014084507042
55 0.5859375 0.301056338028169 0.0359375 0.028169014084507043
55 0.8625 0.9286971830985915 0.04375 0.04225352112676056
55 0.2796875 0.18485915492957747 0.0375 0.028169014084507043