11 0.18828125 0.6208333333333333 0.2453125 0.11666666666666667
11 0.5546875 0.65 0.1265625 0.11666666666666667
11 0.81015625 0.5388888888888889 0.06875 0.03611111111111111
11 0.57421875 0.5791666666666667 0.046875 0.05277777777777778
11 0.52578125 0.5736111111111111 0.046875 0.06388888888888888
11 0.4625 0.5708333333333333 0.0515625 0.06388888888888888
11 0.64296875 0.5888888888888889 0.0578125 0.07777777777777778
11 0.9609375 0.5888888888888889 0.078125 0.03333333333333333
11 0.39296875 0.5569444444444445 0.0828125 0.06388888888888888
11 0.38046875 0.6319444444444444 0.0875 0.11388888888888889
11 0.3828125 0.4638888888888889 0.0640625 0.05555555555555555
11 0.846875 0.5333333333333333 0.0859375 0.03611111111111111
11 0.95390625 0.5333333333333333 0.0921875 0.027777777777777776