62 0.4484375 0.6604166666666667 0.015625 0.022916666666666665
67 0.49140625 0.6802083333333333 0.090625 0.08333333333333333
48 0.58828125 0.6864583333333333 0.078125 0.21666666666666667
48 0.0005078609375 0.0014491541666666668 0.0004097171875 0.0012683604166666667
48 0.4875 0.546875 0.06875 0.16875
48 0.53515625 0.5354166666666667 0.065625 0.15625
48 0.11875 0.4395833333333333 0.0765625 0.12708333333333333
48 0.18515625 0.31875 0.05 0.11041666666666666
48 0.28671875 0.3229166666666667 0.05625 0.10625
48 0.81015625 0.24583333333333332 0.0421875 0.09583333333333334
48 0.88828125 0.46875 0.046875 0.14583333333333334
8 0.85859375 0.6885416666666667 0.0734375 0.0625
8 0.8921875 0.325 0.1296875 0.06041666666666667
8 0.64609375 0.24375 0.215625 0.0625
22 0.69921875 0.6739583333333333 0.053125 0.06458333333333334
22 0.98671875 0.690625 0.0265625 0.06875
22 0.7921875 0.68125 0.0578125 0.0625
22 0.071875 0.640625 0.0515625 0.058333333333333334
22 0.059375 0.45 0.0515625 0.09791666666666667
22 0.828125 0.5291666666666667 0.0453125 0.06666666666666667
22 0.41015625 0.496875 0.0453125 0.04583333333333333
22 0.90859375 0.5354166666666667 0.05 0.075
22 0.7578125 0.6770833333333334 0.0296875 0.06875
22 0.92265625 0.6875 0.0578125 0.06458333333333334
22 0.03515625 0.50625 0.0453125 0.016666666666666666
22 0.0828125 0.5083333333333333 0.040625 0.016666666666666666
48 0.359375 0.2520833333333333 0.0484375 0.0875
48 0.828125 0.3729166666666667 0.03125 0.08541666666666667
48 0.60234375 0.328125 0.05 0.14583333333333334
48 0.671875 0.3145833333333333 0.0453125 0.09166666666666666
8 0.08515625 0.19375 0.1703125 0.06041666666666667
8 0.09921875 0.15416666666666667 0.1984375 0.04583333333333333
8 0.89765625 0.28020833333333334 0.1390625 0.03125
22 0.13203125 0.5229166666666667 0.0546875 0.035416666666666666
8 0.8859375 0.3802083333333333 0.0859375 0.022916666666666665
8 0.66640625 0.203125 0.1921875 0.0375
8 0.2140625 0.25729166666666664 0.1234375 0.022916666666666665
8 0.65703125 0.39895833333333336 0.0953125 0.09166666666666666
8 0.98671875 0.4 0.0265625 0.04791666666666667