13 0.21484375 0.8376168224299065 0.025 0.12850467289719625
13 0.5515625 0.8539719626168224 0.0265625 0.10046728971962617
48 0.35859375 0.530373831775701 0.2203125 0.7429906542056075
48 0.640625 0.5455607476635514 0.18125 0.7616822429906542
8 0.4734375 0.6623831775700935 0.728125 0.4649532710280374
67 0.46875 0.7406542056074766 0.096875 0.338785046728972
67 0.7984375 0.7488317757009346 0.0953125 0.3411214953271028
2 0.0671875 0.8049065420560748 0.134375 0.1705607476635514
8 0.42890625 0.32593457943925236 0.321875 0.12383177570093458
2 0.78203125 0.8130841121495327 0.1125 0.20794392523364486
2 0.896875 0.8165887850467289 0.0609375 0.16355140186915887
35 0.06796875 0.8002336448598131 0.1359375 0.17289719626168223
13 0.97578125 0.8095794392523364 0.046875 0.035046728971962614