48 0.253125 0.62734375 0.4875 0.7234375
48 0.909375 0.7078125 0.17916666666666667 0.48125
9 0.7197916666666667 0.64296875 0.23125 0.121875
76 0.403125 0.3703125 0.42291666666666666 0.346875
48 0.09166666666666666 0.49453125 0.07708333333333334 0.1453125
48 0.7427083333333333 0.6140625 0.11041666666666666 0.1828125
48 0.590625 0.55859375 0.06458333333333334 0.0890625
48 0.9541666666666667 0.8 0.09166666666666666 0.4
48 0.026041666666666668 0.44296875 0.052083333333333336 0.0640625
48 0.8864583333333333 0.6140625 0.06041666666666667 0.109375
9 0.146875 0.58046875 0.10208333333333333 0.08125
2 0.41770833333333335 0.69453125 0.10625 0.103125
2 0.621875 0.725 0.08958333333333333 0.0875
2 0.11770833333333333 0.4890625 0.04583333333333333 0.06875
2 0.15104166666666666 0.47109375 0.0375 0.05625
48 0.06770833333333333 0.44609375 0.06666666666666667 0.075
9 0.625 0.58046875 0.09375 0.065625
9 0.7260416666666667 0.7484375 0.275 0.1296875