48 0.21796875 0.4274004683840749 0.3359375 0.2786885245901639
48 0.2078125 0.3618266978922717 0.0640625 0.17798594847775176
48 0.05234375 0.382903981264637 0.040625 0.24824355971896955
48 0.65 0.3992974238875878 0.059375 0.08430913348946135
39 0.4640625 0.10889929742388758 0.0421875 0.06791569086651054
65 0.5734375 0.3957845433255269 0.10625 0.04449648711943794
65 0.2671875 0.5480093676814989 0.534375 0.11007025761124122
65 0.5578125 0.4449648711943794 0.1703125 0.03044496487119438
65 0.128125 0.43559718969555034 0.0796875 0.06088992974238876
65 0.72109375 0.382903981264637 0.09375 0.02576112412177986
65 0.671875 0.3231850117096019 0.115625 0.10304449648711944
65 0.025 0.5573770491803278 0.05 0.03981264637002342
48 0.36640625 0.35714285714285715 0.034375 0.14754098360655737
48 0.5578125 0.3360655737704918 0.0203125 0.08899297423887588
65 0.79375 0.3594847775175644 0.0953125 0.0234192037470726
48 0.98046875 0.30562060889929743 0.0359375 0.0585480093676815