14 0.7515673981191222 0.746875 0.49686520376175547 0.4859375
14 0.24843260188087773 0.7515625 0.49686520376175547 0.4953125
14 0.7539184952978056 0.24609375 0.49216300940438873 0.4875
19 0.9647335423197492 0.3703125 0.06583072100313479 0.0453125
14 0.24921630094043887 0.24921875 0.49843260188087773 0.4890625
19 0.25156739811912227 0.60546875 0.050156739811912224 0.0453125
19 0.4647335423197492 0.8046875 0.03761755485893417 0.046875
19 0.3330721003134796 0.9625 0.045454545454545456 0.0625
19 0.2507836990595611 0.709375 0.03605015673981191 0.0390625
19 0.9028213166144201 0.81953125 0.032915360501567396 0.0390625
19 0.3103448275862069 0.6296875 0.05172413793103448 0.028125
19 0.052507836990595615 0.73359375 0.029780564263322883 0.0546875
19 0.8691222570532915 0.6640625 0.05329153605015674 0.059375
19 0.8526645768025078 0.8015625 0.045454545454545456 0.059375
19 0.89576802507837 0.25546875 0.050156739811912224 0.05625
19 0.9380877742946708 0.31640625 0.034482758620689655 0.0265625
61 0.10188087774294671 0.6328125 0.19905956112852666 0.1671875
19 0.9788401253918495 0.27421875 0.03134796238244514 0.034375