48 0.35208333333333336 0.6640625 0.06041666666666667 0.1125
48 0.39375 0.6703125 0.035416666666666666 0.084375
48 0.48854166666666665 0.6734375 0.016666666666666666 0.025
48 0.521875 0.67109375 0.01875 0.0359375
48 0.5510416666666667 0.671875 0.008333333333333333 0.0171875
48 0.5854166666666667 0.6703125 0.010416666666666666 0.009375
48 0.8885416666666667 0.584375 0.01875 0.0484375
39 0.35833333333333334 0.3359375 0.035416666666666666 0.0546875
39 0.396875 0.37890625 0.016666666666666666 0.0875
48 0.5291666666666667 0.67265625 0.00625 0.028125
39 0.37083333333333335 0.70078125 0.125 0.0640625
39 0.16875 0.57734375 0.022916666666666665 0.0109375
48 0.16875 0.6703125 0.025 0.046875
48 0.9166666666666666 0.6375 0.058333333333333334 0.1515625
39 0.06979166666666667 0.51640625 0.016666666666666666 0.009375
48 0.875 0.65390625 0.025 0.05
48 0.26875 0.675 0.05625 0.0765625
48 0.7427083333333333 0.7 0.3958333333333333 0.6