48 0.79453125 0.7605633802816901 0.125 0.4788732394366197
48 0.7515625 0.6302816901408451 0.0859375 0.4131455399061033
48 0.525 0.5551643192488263 0.1375 0.3685446009389671
48 0.3921875 0.4647887323943662 0.1015625 0.392018779342723
48 0.1578125 0.40375586854460094 0.103125 0.37089201877934275
48 0.53828125 0.5845070422535211 0.1640625 0.38028169014084506
48 0.1484375 0.07042253521126761 0.05625 0.14084507042253522
5 0.42890625 0.505868544600939 0.028125 0.0539906103286385
5 0.58203125 0.57981220657277 0.0296875 0.051643192488262914
5 0.75 0.7488262910798122 0.0328125 0.05868544600938967
5 0.2015625 0.43309859154929575 0.0234375 0.051643192488262914
5 0.33046875 0.4166666666666667 0.0265625 0.035211267605633804
5 0.471875 0.5821596244131455 0.0390625 0.056338028169014086
48 0.49296875 0.4823943661971831 0.096875 0.3967136150234742
48 0.81328125 0.7194835680751174 0.1 0.431924882629108
48 0.7328125 0.13028169014084506 0.0453125 0.09859154929577464
5 0.77734375 0.5715962441314554 0.0296875 0.046948356807511735
5 0.76796875 0.7382629107981221 0.0171875 0.056338028169014086
48 0.321875 0.09976525821596244 0.0671875 0.09859154929577464
48 0.2984375 0.43427230046948356 0.084375 0.38967136150234744
48 0.26328125 0.0903755868544601 0.0703125 0.1807511737089202