16 0.7234375 0.460093896713615 0.515625 0.6995305164319249
48 0.5046875 0.6467136150234741 0.2640625 0.6807511737089202
48 0.2390625 0.6913145539906104 0.2796875 0.596244131455399
48 0.36640625 0.505868544600939 0.08125 0.22535211267605634
48 0.08046875 0.6525821596244131 0.1609375 0.6408450704225352
48 0.17265625 0.4800469483568075 0.0625 0.22300469483568075
48 0.390625 0.4166666666666667 0.0390625 0.1056338028169014
48 0.31875 0.4706572769953052 0.059375 0.20422535211267606
48 0.4125 0.4025821596244131 0.015625 0.04225352112676056
48 0.0140625 0.392018779342723 0.028125 0.08685446009389672
2 0.29453125 0.4448356807511737 0.0125 0.03755868544600939
48 0.35390625 0.4166666666666667 0.034375 0.08450704225352113
18 0.975 0.5105633802816901 0.05 0.08685446009389672