70 0.1296875 0.8052083333333333 0.25625 0.3645833333333333
70 0.9390625 0.8635416666666667 0.121875 0.24583333333333332
70 0.16171875 0.4822916666666667 0.3234375 0.38958333333333334
70 0.1421875 0.5947916666666667 0.284375 0.2125
70 0.88671875 0.509375 0.2265625 0.36666666666666664
70 0.38125 0.17916666666666667 0.125 0.20833333333333334
70 0.8515625 0.43333333333333335 0.290625 0.3333333333333333
70 0.2171875 0.396875 0.259375 0.3541666666666667
70 0.3203125 0.23541666666666666 0.1703125 0.15833333333333333
70 0.2671875 0.34375 0.2484375 0.3145833333333333
70 0.3671875 0.240625 0.0953125 0.07291666666666667
70 0.425 0.15104166666666666 0.0828125 0.06666666666666667
70 0.75390625 0.21666666666666667 0.165625 0.12291666666666666