50 0.5234375 0.47641509433962265 0.0578125 0.12971698113207547
13 0.6015625 0.13089622641509435 0.0125 0.06132075471698113
13 0.58984375 0.1332547169811321 0.009375 0.05188679245283019
13 0.61484375 0.12617924528301888 0.0109375 0.04716981132075472
13 0.5734375 0.13797169811320756 0.0140625 0.05660377358490566
51 0.66796875 0.47759433962264153 0.190625 0.5212264150943396
42 0.38671875 0.41627358490566035 0.071875 0.054245283018867926
69 0.05703125 0.4669811320754717 0.0859375 0.07783018867924528
13 0.64609375 0.11438679245283019 0.0171875 0.049528301886792456
13 0.503125 0.1721698113207547 0.0109375 0.049528301886792456
13 0.49765625 0.4044811320754717 0.0078125 0.05660377358490566
13 0.5296875 0.16863207547169812 0.0140625 0.0330188679245283
13 0.6296875 0.10731132075471699 0.0171875 0.0660377358490566
78 0.54375 0.16981132075471697 0.0078125 0.018867924528301886
78 0.44453125 0.18514150943396226 0.0171875 0.03773584905660377
78 0.0296875 0.05660377358490566 0.025 0.049528301886792456
26 0.5015625 0.6922169811320755 0.2171875 0.43160377358490565
56 0.32734375 0.4492924528301887 0.1015625 0.030660377358490566
78 0.4296875 0.1804245283018868 0.01875 0.03773584905660377
78 0.5515625 0.1544811320754717 0.0125 0.04481132075471698
78 0.5203125 0.16745283018867924 0.00625 0.04245283018867924
78 0.52734375 0.16863207547169812 0.0125 0.03537735849056604
78 0.1390625 0.07665094339622641 0.0203125 0.07311320754716981
78 0.55859375 0.14386792452830188 0.015625 0.049528301886792456
78 0.4921875 0.18985849056603774 0.009375 0.02122641509433962
78 0.55625 0.15919811320754718 0.0046875 0.02122641509433962
46 0.56015625 0.49528301886792453 0.0234375 0.05660377358490566
13 0.52734375 0.3903301886792453 0.0046875 0.02358490566037736
13 0.5046875 0.39740566037735847 0.0078125 0.030660377358490566
13 0.475 0.1804245283018868 0.0125 0.04716981132075472
25 0.45703125 0.18632075471698112 0.0109375 0.030660377358490566