15 0.4828125 0.42083333333333334 0.1375 0.14166666666666666
15 0.51796875 0.26145833333333335 0.2984375 0.26875
15 0.32265625 0.7604166666666666 0.0984375 0.15
15 0.6515625 0.540625 0.0765625 0.07291666666666667
15 0.43515625 0.5354166666666667 0.0359375 0.04583333333333333
15 0.4015625 0.6072916666666667 0.0828125 0.09166666666666666
15 0.33046875 0.609375 0.09375 0.10833333333333334
15 0.4296875 0.6885416666666667 0.1546875 0.14791666666666667
15 0.58125 0.40208333333333335 0.0984375 0.13541666666666666
15 0.703125 0.6958333333333333 0.190625 0.16666666666666666
15 0.46171875 0.5854166666666667 0.0609375 0.11041666666666666
15 0.4234375 0.821875 0.090625 0.08541666666666667
15 0.41640625 0.765625 0.0765625 0.06041666666666667