16 0.8954248366013072 0.49019607843137253 0.20915032679738563 0.36764705882352944
16 0.2540849673202614 0.5122549019607843 0.49836601307189543 0.434640522875817
16 0.48937908496732024 0.5008169934640523 0.22712418300653595 0.2222222222222222
48 0.7818627450980392 0.5302287581699346 0.04738562091503268 0.08496732026143791
48 0.6584967320261438 0.5343137254901961 0.03758169934640523 0.08986928104575163
48 0.6650326797385621 0.5302287581699346 0.024509803921568627 0.09803921568627451
48 0.701797385620915 0.5277777777777778 0.029411764705882353 0.10457516339869281
48 0.7222222222222222 0.5179738562091504 0.02287581699346405 0.06699346405228758
48 0.7508169934640523 0.49673202614379086 0.013071895424836602 0.03431372549019608
16 0.6299019607843137 0.4632352941176471 0.09640522875816994 0.07516339869281045
16 0.559640522875817 0.48366013071895425 0.16666666666666666 0.19281045751633988
48 0.6797385620915033 0.5261437908496732 0.016339869281045753 0.07352941176470588
48 0.7320261437908496 0.49019607843137253 0.011437908496732025 0.026143790849673203
16 0.1568627450980392 0.6985294117647058 0.3088235294117647 0.5784313725490197
16 0.6045751633986928 0.4877450980392157 0.08823529411764706 0.1437908496732026