43 0.4640625 0.5466666666666666 0.546875 0.64
43 0.7515625 0.46444444444444444 0.284375 0.44
43 0.84375 0.4111111111111111 0.253125 0.3688888888888889
43 0.002989503125 0.0018702222222222223 0.000270996875 0.0009987155555555556
43 0.3234375 0.2311111111111111 0.203125 0.17777777777777778
48 0.459375 0.19777777777777777 0.1 0.2088888888888889
48 0.2828125 0.1711111111111111 0.084375 0.14222222222222222
48 0.3765625 0.20222222222222222 0.05625 0.16444444444444445
48 0.1546875 0.4955555555555556 0.309375 0.9866666666666667
48 0.85625 0.2 0.0625 0.16444444444444445
48 0.6390625 0.2088888888888889 0.059375 0.2
48 0.740625 0.20222222222222222 0.05 0.1111111111111111
48 0.002985303125 0.0022246933333333334 0.00027939375 0.0044395066666666665
48 0.709375 0.19777777777777777 0.034375 0.12444444444444444
48 0.6796875 0.19555555555555557 0.028125 0.10666666666666667
48 0.8046875 0.2088888888888889 0.0375 0.10222222222222223
43 0.5828125 0.2577777777777778 0.103125 0.10666666666666667
35 0.121875 0.24 0.1875 0.27111111111111114
43 0.3921875 0.19111111111111112 0.05 0.08
35 0.471875 0.26 0.046875 0.044444444444444446