48 0.678921568627451 0.4444444444444444 0.10130718954248366 0.12581699346405228
48 0.6225490196078431 0.36356209150326796 0.032679738562091505 0.07352941176470588
3 0.434640522875817 0.5433006535947712 0.10294117647058823 0.06045751633986928
3 0.41094771241830064 0.16339869281045752 0.042483660130718956 0.06699346405228758
3 0.8570261437908496 0.17483660130718953 0.11274509803921569 0.15196078431372548
3 0.7369281045751634 0.12908496732026145 0.1323529411764706 0.13562091503267973
3 0.6111111111111112 0.12663398692810457 0.024509803921568627 0.03104575163398693
3 0.5964052287581699 0.17401960784313725 0.20915032679738563 0.3055555555555556
48 0.29901960784313725 0.40032679738562094 0.03594771241830065 0.032679738562091505
3 0.4158496732026144 0.06372549019607843 0.05065359477124183 0.08333333333333333
15 0.4852941176470588 0.8921568627450981 0.4084967320261438 0.1715686274509804
48 0.6511437908496732 0.4477124183006536 0.0457516339869281 0.05065359477124183
48 0.5122549019607843 0.36519607843137253 0.03758169934640523 0.042483660130718956
3 0.7565359477124183 0.3472222222222222 0.05065359477124183 0.05555555555555555
48 0.6405228758169934 0.3415032679738562 0.014705882352941176 0.029411764705882353