13 0.6822916666666666 0.38125 0.06875 0.09375
13 0.58125 0.3515625 0.06666666666666667 0.090625
13 0.5458333333333333 0.3421875 0.06458333333333334 0.0921875
13 0.5 0.32578125 0.07291666666666667 0.09375
13 0.4583333333333333 0.30625 0.07916666666666666 0.10625
13 0.7166666666666667 0.68125 0.04791666666666667 0.0625
13 0.42291666666666666 0.309375 0.05625 0.071875
13 0.6229166666666667 0.3671875 0.07916666666666666 0.09375
13 0.5375 0.61953125 0.05625 0.0703125
48 0.31875 0.490625 0.6208333333333333 0.978125
51 0.6864583333333333 0.6 0.5520833333333334 0.4421875
14 0.42291666666666666 0.79296875 0.375 0.2
13 0.65625 0.375 0.041666666666666664 0.0859375
13 0.6458333333333334 0.65859375 0.05 0.0515625
13 0.7583333333333333 0.69453125 0.05 0.0625
46 0.46770833333333334 0.896875 0.8520833333333333 0.20625