62 0.90234375 0.5734375 0.0140625 0.0140625
62 0.44296875 0.53984375 0.015625 0.0140625
62 0.2671875 0.0578125 0.0125 0.0109375
67 0.21640625 0.6890625 0.121875 0.0625
67 0.9296875 0.61328125 0.0875 0.059375
67 0.19375 0.13515625 0.078125 0.0375
48 0.19921875 0.74609375 0.2609375 0.3625
48 0.1953125 0.30546875 0.134375 0.340625
48 0.57578125 0.18671875 0.1 0.3015625
48 0.8390625 0.271875 0.2546875 0.4265625
48 0.525 0.8125 0.146875 0.30625
62 0.0453125 0.58984375 0.015625 0.0125
67 0.58515625 0.74375 0.0203125 0.0875
48 0.28984375 0.57578125 0.071875 0.134375
48 0.9046875 0.01875 0.078125 0.015625
48 0.47578125 0.35234375 0.1765625 0.290625
48 0.84921875 0.8109375 0.1265625 0.353125
67 0.94453125 0.1453125 0.0296875 0.084375
48 0.2015625 0.5671875 0.0578125 0.128125