13 0.62421875 0.4731404958677686 0.078125 0.2665289256198347
13 0.79140625 0.47520661157024796 0.109375 0.25826446280991733
13 0.88984375 0.4617768595041322 0.06875 0.2706611570247934
13 0.9359375 0.45764462809917356 0.0234375 0.28512396694214875
48 0.20234375 0.5371900826446281 0.39375 0.9028925619834711
40 0.41171875 0.5816115702479339 0.046875 0.06611570247933884
14 0.3875 0.9431818181818182 0.1515625 0.11363636363636363
13 0.7015625 0.47417355371900827 0.0828125 0.2603305785123967
61 0.30078125 0.5227272727272727 0.0328125 0.07024793388429752
61 0.36953125 0.34710743801652894 0.0390625 0.20454545454545456
61 0.396875 0.32334710743801653 0.03125 0.2066115702479339
61 0.33125 0.5661157024793388 0.021875 0.03512396694214876
50 0.6265625 0.10330578512396695 0.1359375 0.1756198347107438
25 0.8640625 0.746900826446281 0.075 0.1652892561983471
25 0.76640625 0.746900826446281 0.071875 0.1590909090909091
25 0.6765625 0.7396694214876033 0.0703125 0.16735537190082644
40 0.428125 0.5712809917355371 0.0453125 0.06611570247933884
77 0.62578125 0.1353305785123967 0.0484375 0.10330578512396695
40 0.2546875 0.8026859504132231 0.2109375 0.049586776859504134
40 0.2546875 0.8016528925619835 0.2109375 0.05165289256198347
40 0.43203125 0.5568181818181818 0.0546875 0.07231404958677685