43 0.29765625 0.7235294117647059 0.5890625 0.5294117647058824
43 0.79140625 0.7058823529411765 0.371875 0.56
48 0.2203125 0.6717647058823529 0.3359375 0.6352941176470588
48 0.02265625 0.5270588235294118 0.04375 0.23294117647058823
48 0.646875 0.6023529411764705 0.084375 0.38588235294117645
48 0.72734375 0.4964705882352941 0.05 0.13411764705882354
48 0.8703125 0.6435294117647059 0.25 0.6729411764705883
48 0.68671875 0.4752941176470588 0.0328125 0.09411764705882353
35 0.62421875 0.548235294117647 0.015625 0.042352941176470586
35 0.73125 0.4929411764705882 0.0109375 0.07058823529411765
50 0.60546875 0.6647058823529411 0.0625 0.15058823529411763