4 0.453125 0.4791666666666667 0.046875 0.08611111111111111
5 0.28125 0.6888888888888889 0.03125 0.07222222222222222
5 0.78046875 0.4777777777777778 0.00625 0.025
48 0.2515625 0.7319444444444444 0.0921875 0.25277777777777777
48 0.47734375 0.6319444444444444 0.078125 0.2972222222222222
48 0.33828125 0.4597222222222222 0.0203125 0.07777777777777778
48 0.29375 0.45 0.025 0.075
48 0.6296875 0.46805555555555556 0.01875 0.1
48 0.78515625 0.4638888888888889 0.021875 0.10555555555555556
48 0.878125 0.4444444444444444 0.021875 0.06388888888888888
48 0.9875 0.45416666666666666 0.025 0.14166666666666666
48 0.42734375 0.4375 0.015625 0.10277777777777777
48 0.453125 0.42916666666666664 0.0171875 0.06388888888888888
18 0.075 0.45555555555555555 0.084375 0.05555555555555555
8 0.32421875 0.48194444444444445 0.021875 0.025
8 0.47265625 0.4527777777777778 0.01875 0.016666666666666666
5 0.8875 0.45694444444444443 0.00625 0.008333333333333333
48 0.11015625 0.4236111111111111 0.0078125 0.013888888888888888
48 0.33828125 0.4388888888888889 0.0234375 0.06111111111111111
18 0.1390625 0.4638888888888889 0.075 0.05555555555555555
18 0.05078125 0.4361111111111111 0.0359375 0.027777777777777776
48 0.23203125 0.40555555555555556 0.0171875 0.05555555555555555
8 0.05546875 0.5388888888888889 0.0390625 0.05
5 0.48515625 0.5375 0.021875 0.027777777777777776