48 0.74765625 0.5270833333333333 0.0625 0.17291666666666666
48 0.8171875 0.4822916666666667 0.009375 0.0375
48 0.98125 0.490625 0.0109375 0.04583333333333333
48 0.803125 0.49270833333333336 0.0078125 0.027083333333333334
48 0.11640625 0.5010416666666667 0.009375 0.03125
48 0.82578125 0.46979166666666666 0.0015625 0.00625
48 0.1828125 0.49895833333333334 0.009375 0.03333333333333333
18 0.55546875 0.725 0.5703125 0.29791666666666666
39 0.5515625 0.43854166666666666 0.240625 0.24375
39 0.76875 0.32916666666666666 0.0171875 0.01875
39 0.91796875 0.08854166666666667 0.025 0.041666666666666664
48 0.99453125 0.4895833333333333 0.0109375 0.05416666666666667
39 0.9296875 0.36354166666666665 0.04375 0.029166666666666667
39 0.7375 0.41041666666666665 0.028125 0.027083333333333334
39 0.815625 0.4375 0.0171875 0.03958333333333333
39 0.4609375 0.20104166666666667 0.2890625 0.24583333333333332
39 0.875 0.3385416666666667 0.028125 0.03958333333333333
39 0.790625 0.42916666666666664 0.015625 0.016666666666666666
39 0.8203125 0.4125 0.0203125 0.022916666666666665
39 0.75 0.27708333333333335 0.0234375 0.0125
39 0.7390625 0.3885416666666667 0.0265625 0.01875
39 0.8390625 0.3958333333333333 0.01875 0.020833333333333332
48 0.1703125 0.5041666666666667 0.0078125 0.022916666666666665
48 0.91796875 0.46979166666666666 0.0046875 0.014583333333333334
48 0.9296875 0.46979166666666666 0.0046875 0.0125