23 0.8046875 0.5745721271393643 0.025 0.04156479217603912
18 0.37734375 0.7334963325183375 0.0828125 0.04645476772616137
18 0.4171875 0.7224938875305623 0.0515625 0.0488997555012225
18 0.5453125 0.7127139364303179 0.0203125 0.029339853300733496
18 0.58046875 0.7090464547677262 0.0203125 0.034229828850855744
18 0.03515625 0.7567237163814181 0.0703125 0.06845965770171149
18 0.56171875 0.7090464547677262 0.009375 0.012224938875305624
18 0.5203125 0.7090464547677262 0.0078125 0.012224938875305624
72 0.44453125 0.4731051344743276 0.0125 0.061124694376528114
72 0.58203125 0.49877750611246946 0.015625 0.05134474327628362
8 0.90234375 0.7298288508557457 0.071875 0.0488997555012225
8 0.0953125 0.7640586797066015 0.075 0.044009779951100246
18 0.64609375 0.7041564792176039 0.0359375 0.029339853300733496
72 0.534375 0.6198044009779952 0.0046875 0.019559902200488997
72 0.5015625 0.6222493887530562 0.0046875 0.019559902200488997
23 0.7828125 0.578239608801956 0.0078125 0.04156479217603912
74 0.7453125 0.6674816625916871 0.0921875 0.1466992665036675
74 0.49296875 0.7114914425427873 0.0515625 0.03178484107579462
72 0.659375 0.4902200488997555 0.0109375 0.05134474327628362
50 0.89765625 0.687041564792176 0.03125 0.03667481662591687