47 0.28671875 0.828125 0.0734375 0.30625
47 0.35234375 0.6322916666666667 0.01875 0.08333333333333333
18 0.93984375 0.590625 0.1203125 0.08958333333333333
18 0.74140625 0.5791666666666667 0.0765625 0.04375
18 0.65625 0.571875 0.0765625 0.029166666666666667
18 0.62578125 0.5739583333333333 0.0421875 0.029166666666666667
18 0.54375 0.5635416666666667 0.025 0.025
74 0.83046875 0.5770833333333333 0.1015625 0.075
74 0.78671875 0.578125 0.0953125 0.06875
47 0.37421875 0.6020833333333333 0.0109375 0.05
47 0.38125 0.5979166666666667 0.009375 0.04583333333333333
18 0.71953125 0.578125 0.0640625 0.03958333333333333
74 0.878125 0.5875 0.1 0.07083333333333333
72 0.4359375 0.528125 0.0046875 0.008333333333333333
72 0.45625 0.5291666666666667 0.00625 0.010416666666666666
16 0.44765625 0.55 0.01875 0.029166666666666667
47 0.30859375 0.7322916666666667 0.0390625 0.13333333333333333
47 0.384375 0.5697916666666667 0.00625 0.014583333333333334
18 0.5265625 0.5645833333333333 0.0171875 0.014583333333333334