36 0.32578125 0.8910133843212237 0.1140625 0.11663479923518165
36 0.62734375 0.9005736137667304 0.109375 0.09560229445506692
36 0.9421875 0.8957934990439771 0.084375 0.0841300191204589
36 0.06953125 0.8852772466539197 0.0984375 0.08986615678776291
48 0.31796875 0.847036328871893 0.0171875 0.022944550669216062
48 0.74609375 0.8527724665391969 0.0234375 0.05162523900573614
48 0.490625 0.734225621414914 0.0109375 0.040152963671128104
48 0.35859375 0.7036328871892925 0.009375 0.032504780114722756
48 0.125 0.8479923518164436 0.0203125 0.06692160611854685
48 0.51953125 0.8738049713193117 0.0265625 0.05162523900573614
48 0.91953125 0.8326959847036329 0.01875 0.03824091778202677
48 0.50546875 0.737093690248566 0.0078125 0.03824091778202677
48 0.50390625 0.8604206500956023 0.0296875 0.04780114722753346
23 0.50703125 0.4961759082217973 0.0203125 0.022944550669216062
48 0.46875 0.8747609942638623 0.0390625 0.05927342256214149
48 0.16640625 0.8556405353728489 0.0140625 0.0497131931166348
48 0.05 0.8413001912045889 0.021875 0.019120458891013385
48 0.5 0.7323135755258127 0.00625 0.04397705544933078
35 0.11796875 0.847036328871893 0.0078125 0.009560229445506692