26 0.5 0.5104 0.88125 0.8336
48 0.8046875 0.1096 0.1109375 0.08
53 0.50234375 0.6848 0.303125 0.3664
53 0.265625 0.656 0.365625 0.4032
25 0.76015625 0.3104 0.2765625 0.2512
25 0.090625 0.2248 0.065625 0.2912
14 0.60546875 0.1336 0.2265625 0.1184
15 0.4484375 0.3 0.0625 0.0848
15 0.48515625 0.34 0.040625 0.0352
15 0.2890625 0.372 0.0421875 0.0336
19 0.48125 0.2936 0.021875 0.0128
19 0.50078125 0.3256 0.0109375 0.0144
19 0.46796875 0.36 0.0203125 0.0384
19 0.4234375 0.3968 0.0203125 0.0208
19 0.375 0.38 0.0359375 0.0352