18 0.51171875 0.66875 0.6140625 0.6625
43 0.065625 0.6510416666666666 0.128125 0.45208333333333334
48 0.33828125 0.303125 0.175 0.4375
48 0.2015625 0.4666666666666667 0.075 0.32708333333333334
48 0.415625 0.20833333333333334 0.090625 0.25833333333333336
48 0.5046875 0.21666666666666667 0.096875 0.25833333333333336
48 0.590625 0.240625 0.1609375 0.3541666666666667
48 0.9046875 0.6020833333333333 0.0734375 0.2604166666666667
48 0.978125 0.534375 0.04375 0.43333333333333335
48 0.02109375 0.35 0.040625 0.1625
48 0.059375 0.384375 0.034375 0.15416666666666667
48 0.3796875 0.475 0.1921875 0.16041666666666668
48 0.57265625 0.46145833333333336 0.1203125 0.11041666666666666
48 0.8421875 0.6291666666666667 0.0640625 0.16875
43 0.12421875 0.5635416666666667 0.0859375 0.1375