60 0.441 0.1 0.202 0.2
60 0.717 0.10266666666666667 0.204 0.2
53 0.732 0.628 0.236 0.2
53 0.56 0.5373333333333333 0.13 0.24533333333333332
22 0.862 0.18 0.276 0.312
26 0.5 0.5813333333333334 1 0.808
25 0.907 0.38266666666666665 0.184 0.32
61 0.398 0.5066666666666667 0.202 0.10933333333333334
14 0.185 0.668 0.268 0.25866666666666666
12 0.703 0.348 0.26 0.14933333333333335
22 0.086 0.11333333333333333 0.136 0.224
22 0.436 0.10133333333333333 0.202 0.19733333333333333
22 0.283 0.108 0.224 0.216
22 0.156 0.064 0.048 0.056