48 0.25390625 0.5447916666666667 0.1328125 0.5645833333333333
48 0.30078125 0.4322916666666667 0.040625 0.16875
48 0.3875 0.3854166666666667 0.05625 0.11458333333333333
48 0.44921875 0.371875 0.0609375 0.1375
48 0.50390625 0.3958333333333333 0.0390625 0.08125
48 0.5328125 0.39791666666666664 0.0359375 0.11666666666666667
48 0.6140625 0.4552083333333333 0.0625 0.27708333333333335
48 0.65390625 0.4354166666666667 0.05625 0.25625
48 0.725 0.440625 0.0734375 0.28125
48 0.81328125 0.4375 0.05625 0.10208333333333333
48 0.82265625 0.3854166666666667 0.0359375 0.08125
3 0.98046875 0.5572916666666666 0.0390625 0.12083333333333333
3 0.49609375 0.5197916666666667 0.1140625 0.07291666666666667
3 0.88984375 0.546875 0.053125 0.12916666666666668
3 0.39765625 0.5322916666666667 0.1046875 0.075
3 0.39453125 0.4791666666666667 0.0796875 0.06666666666666667
3 0.39453125 0.45208333333333334 0.0578125 0.029166666666666667
3 0.3890625 0.5979166666666667 0.13125 0.07291666666666667
3 0.83203125 0.5489583333333333 0.0671875 0.13125
3 0.5375 0.546875 0.078125 0.06041666666666667
3 0.1515625 0.496875 0.0609375 0.04583333333333333
3 0.49609375 0.609375 0.0234375 0.0125
3 0.8421875 0.48333333333333334 0.003125 0.0125
48 0.78984375 0.45729166666666665 0.0453125 0.08541666666666667
3 0.4984375 0.46041666666666664 0.0984375 0.058333333333333334
48 0.1671875 0.421875 0.071875 0.13125