13 0.793 0.5106666666666667 0.026 0.09866666666666667
18 0.973 0.2866666666666667 0.054 0.06933333333333333
13 0.239 0.508 0.018 0.04533333333333334
13 0.466 0.4866666666666667 0.048 0.10133333333333333
22 0.48 0.38 0.08 0.12533333333333332
48 0.714 0.44266666666666665 0.23 0.5386666666666666
48 0.394 0.4613333333333333 0.222 0.26666666666666666
48 0.2 0.392 0.15 0.256
48 0.436 0.612 0.338 0.5253333333333333
8 0.876 0.6266666666666667 0.248 0.22933333333333333
67 0.396 0.38133333333333336 0.056 0.16266666666666665
67 0.579 0.588 0.2 0.16533333333333333
2 0.633 0.32133333333333336 0.08 0.17333333333333334
2 0.959 0.752 0.08 0.16
13 0.333 0.612 0.024 0.104
35 0.798 0.7746666666666666 0.194 0.232
25 0.683 0.756 0.026 0.06133333333333333
25 0.345 0.42933333333333334 0.024 0.04533333333333334
22 0.236 0.432 0.228 0.23733333333333334
22 0.532 0.608 0.206 0.3893333333333333