23 0.51796875 0.26875 0.0640625 0.08541666666666667
18 0.1015625 0.9729166666666667 0.1921875 0.05416666666666667
18 0.26640625 0.984375 0.140625 0.03125
48 0.46875 0.975 0.0359375 0.05
48 0.528125 0.9677083333333333 0.0359375 0.0625
48 0.55625 0.9635416666666666 0.015625 0.05
48 0.0010172734375000002 0.0020093541666666667 0.0000849359375 0.00014796041666666668
48 0.69296875 0.9625 0.0203125 0.052083333333333336
48 0.5078125 0.9302083333333333 0.009375 0.03125
2 0.7625 0.9739583333333334 0.071875 0.052083333333333336
48 0.0014199578125000001 0.0020132166666666667 0.000048803125 0.00014023541666666667
2 0.57734375 0.9770833333333333 0.0140625 0.04583333333333333
48 0.00117835625 0.001960916666666667 0.0001571046875 0.00024483541666666666
2 0.26484375 0.9614583333333333 0.0046875 0.00625
48 0.4484375 0.9697916666666667 0.01875 0.06041666666666667
48 0.61640625 0.9635416666666666 0.0546875 0.07291666666666667
48 0.8453125 0.9677083333333333 0.046875 0.06458333333333334
48 0.9421875 0.94375 0.078125 0.10208333333333333