12 0.6376582278481012 0.67109375 0.08227848101265822 0.14375
12 0.49841772151898733 0.49921875 0.759493670886076 0.175
12 0.8117088607594937 0.6765625 0.11075949367088607 0.1453125
12 0.3876582278481013 0.675 0.03164556962025317 0.1375
12 0.18354430379746836 0.22109375 0.07278481012658228 0.090625
12 0.22468354430379747 0.22421875 0.04430379746835443 0.0828125
12 0.42563291139240506 0.22578125 0.04113924050632911 0.0875
12 0.7120253164556962 0.675 0.11708860759493671 0.140625
12 0.379746835443038 0.2328125 0.04113924050632911 0.075
12 0.4541139240506329 0.22578125 0.0379746835443038 0.09375
12 0.18829113924050633 0.66953125 0.04430379746835443 0.1359375
12 0.3670886075949367 0.35078125 0.05063291139240506 0.109375
23 0.8117088607594937 0.3359375 0.06645569620253164 0.0375
12 0.3987341772151899 0.33984375 0.03481012658227848 0.0953125