13 0.3390625 0.21194379391100704 0.1859375 0.2857142857142857
13 0.80703125 0.13817330210772832 0.1671875 0.27634660421545665
13 0.0734375 0.45901639344262296 0.0859375 0.20140515222482436
48 0.08671875 0.5573770491803278 0.1734375 0.5761124121779859
31 0.1328125 0.8688524590163934 0.078125 0.26229508196721313
31 0.784375 0.7868852459016393 0.2375 0.13114754098360656
40 0.69765625 0.7517564402810304 0.31875 0.06791569086651054
40 0.0003100703125 0.0020470421545667446 0.000088646875 0.0005897587822014052
14 0.43828125 0.07494145199063232 0.1421875 0.1451990632318501
25 0.60546875 0.08313817330210772 0.228125 0.16393442622950818
14 0.784375 0.6159250585480094 0.384375 0.522248243559719
19 0.83515625 0.5070257611241218 0.0203125 0.01405152224824356
19 0.67890625 0.6721311475409836 0.0140625 0.03044496487119438
49 0.51953125 0.46252927400468385 0.278125 0.34660421545667447
26 0.0008340828125 0.0011630351288056207 0.0014568359375 0.0023102740046838407
19 0.81015625 0.5925058548009368 0.0453125 0.03747072599531616
19 0.68203125 0.5304449648711944 0.0171875 0.03981264637002342
19 0.3390625 0.47540983606557374 0.0140625 0.02576112412177986
19 0.95234375 0.5702576112412178 0.03125 0.03044496487119438
19 0.8671875 0.4648711943793911 0.0171875 0.02810304449648712
19 0.675 0.5644028103044496 0.0171875 0.01873536299765808
56 0.275 0.1592505854800937 0.2171875 0.3091334894613583