48 0.4140625 0.5175644028103045 0.078125 0.15456674473067916
48 0.51484375 0.42271662763466045 0.0453125 0.09836065573770492
48 0.64453125 0.5234192037470726 0.0296875 0.10070257611241218
48 0.690625 0.6533957845433255 0.03125 0.08430913348946135
48 0.2484375 0.6814988290398126 0.0796875 0.16159250585480095
48 0.165625 0.6475409836065574 0.0125 0.0234192037470726
58 0.25546875 0.7505854800936768 0.128125 0.0702576112412178
48 0.1578125 0.6463700234192038 0.0109375 0.02107728337236534
48 0.58671875 0.4238875878220141 0.0390625 0.11943793911007025
58 0.52734375 0.46604215456674475 0.059375 0.05620608899297424
58 0.44453125 0.5878220140515222 0.0546875 0.07259953161592506
58 0.42421875 0.5878220140515222 0.0625 0.06791569086651054
58 0.57890625 0.47892271662763464 0.065625 0.05152224824355972
58 0.6765625 0.6920374707259953 0.0296875 0.01405152224824356
58 0.63828125 0.5667447306791569 0.0375 0.00936768149882904