21 0.503125 0.74375 0.1046875 0.10208333333333333
25 0.28359375 0.3302083333333333 0.0921875 0.12083333333333333
41 0.3984375 0.43125 0.3828125 0.45625
44 0.553125 0.6135416666666667 0.06875 0.09375
12 0.85234375 0.615625 0.0828125 0.31666666666666665
12 0.15625 0.36041666666666666 0.1609375 0.1625
12 0.7328125 0.5125 0.040625 0.2833333333333333
12 0.6515625 0.14791666666666667 0.10625 0.22708333333333333
41 0.21015625 0.06354166666666666 0.25 0.125
12 0.91640625 0.6375 0.140625 0.3020833333333333
12 0.56875 0.10416666666666667 0.0578125 0.20208333333333334
12 0.71875 0.184375 0.1234375 0.2520833333333333
12 0.79140625 0.5604166666666667 0.0578125 0.21041666666666667
12 0.81171875 0.6083333333333333 0.0390625 0.25833333333333336
12 0.6171875 0.1125 0.0890625 0.21666666666666667
12 0.60703125 0.10625 0.0890625 0.2125
12 0.75546875 0.5583333333333333 0.0453125 0.23333333333333334
13 0.59140625 0.4375 0.05625 0.27708333333333335