48 0.11015625 0.39921875 0.134375 0.171875
17 0.28515625 0.80546875 0.165625 0.09375
17 0.59609375 0.76640625 0.040625 0.0421875
17 0.4421875 0.63984375 0.146875 0.046875
17 0.64765625 0.6171875 0.0359375 0.0359375
17 0.68203125 0.61171875 0.0375 0.0453125
17 0.54375 0.62265625 0.15 0.046875
17 0.253125 0.6546875 0.0453125 0.034375
17 0.55546875 0.7734375 0.0390625 0.04375
17 0.6328125 0.74609375 0.0390625 0.028125
48 0.2953125 0.515625 0.1484375 0.209375
48 0.43828125 0.49921875 0.1453125 0.2140625
74 0.53125 0.284375 0.125 0.13125
17 0.284375 0.49140625 0.05625 0.040625
48 0.628125 0.2828125 0.03125 0.1171875
48 0.684375 0.26171875 0.0421875 0.0671875
48 0.35078125 0.4203125 0.078125 0.103125
18 0.8015625 0.3109375 0.2875 0.0953125
17 0.15625 0.66953125 0.0578125 0.0375
28 0.71640625 0.6125 0.03125 0.0265625
17 0.30234375 0.64296875 0.0390625 0.0234375