6 0.575833 0.442136 0.061667 0.130564
6 0.610000 0.675074 0.083333 0.169139
6 0.909167 0.721068 0.118333 0.207715
6 0.785833 0.430267 0.081667 0.130564
6 0.690000 0.348665 0.053333 0.115727
6 0.713333 0.235905 0.060000 0.091988
6 0.146667 0.324926 0.063333 0.097923
6 0.168333 0.206231 0.036667 0.068249
6 0.030833 0.366469 0.058333 0.103858
4 0.640000 0.185460 0.023333 0.068249
3 0.865833 0.333828 0.018333 0.080119
3 0.231667 0.554896 0.033333 0.094955
3 0.125000 0.516320 0.030000 0.077151
3 0.063333 0.497033 0.036667 0.074184
1 0.497500 0.086053 0.135000 0.047478
1 0.238333 0.114243 0.090000 0.044510
7 0.952500 0.280415 0.068333 0.299703
7 0.847500 0.183976 0.051667 0.189911
7 0.894167 0.121662 0.048333 0.172107
